                                                                                                                                                                                                                                                                
                        1                         2                         3                         4
                        l                      n_pg                 Re(omega)                 Im(omega)
                        1                        -1   0.1118646913552510E+001   0.0000000000000000E+000
                        1                         2                         3                         4                         5                         6
                      rho                         x                  Re(xi_h)                  Im(xi_h)                  Re(xi_r)                  Im(xi_r)
  0.4315196615838821E-005   0.5000000000000000E-001   0.2003671763725174E-001   0.0000000000000000E+000   0.1759990644040494E-017   0.0000000000000000E+000
  0.4284530492470438E-005   0.5011676473564231E-001   0.2521416083129048E-001   0.0000000000000000E+000   0.1020687833617841E-003   0.0000000000000000E+000
  0.3932043502280075E-005   0.5169102437218658E-001   0.2041317826068771E-001   0.0000000000000000E+000   0.2048800431339075E-002   0.0000000000000000E+000
  0.3815218018626315E-005   0.5253619447392825E-001   0.8997478201461602E-003   0.0000000000000000E+000   0.2319686088473364E-002   0.0000000000000000E+000
  0.3709767965917525E-005   0.5337690746757043E-001  -0.5127241650692960E-002   0.0000000000000000E+000   0.2185148574218848E-002   0.0000000000000000E+000
  0.3620735733645485E-005   0.5416287919785381E-001  -0.3978918254269955E-002   0.0000000000000000E+000   0.2006662615551558E-002   0.0000000000000000E+000
  0.3547867465232072E-005   0.5494242803448363E-001  -0.1517857211046779E-002   0.0000000000000000E+000   0.1892994587726649E-002   0.0000000000000000E+000
  0.3472686265912020E-005   0.5571629361123732E-001   0.1405611094390798E-003   0.0000000000000000E+000   0.1842113922871524E-002   0.0000000000000000E+000
  0.3396784532599128E-005   0.5648566925036116E-001   0.6536928033680147E-003   0.0000000000000000E+000   0.1819670672649568E-002   0.0000000000000000E+000
  0.3309240962193584E-005   0.5740291258290349E-001   0.1030563979845593E-002   0.0000000000000000E+000   0.1804066978402999E-002   0.0000000000000000E+000
  0.3229242784100223E-005   0.5831424259740067E-001   0.1959135358028500E-002   0.0000000000000000E+000   0.1806978665292595E-002   0.0000000000000000E+000
  0.3154712966429485E-005   0.5931805766861036E-001   0.3200682636945824E-002   0.0000000000000000E+000   0.1848311824126341E-002   0.0000000000000000E+000
  0.3079552887577528E-005   0.6031008885552592E-001   0.3813989867067673E-002   0.0000000000000000E+000   0.1920656578301511E-002   0.0000000000000000E+000
  0.2979891502456223E-005   0.6129715908787866E-001   0.4060755519406430E-002   0.0000000000000000E+000   0.1998947200275154E-002   0.0000000000000000E+000
  0.2906087601103825E-005   0.6228675558310664E-001   0.5632413557283887E-002   0.0000000000000000E+000   0.2098276977904135E-002   0.0000000000000000E+000
  0.2877132808967251E-005   0.6287230655613055E-001   0.7482321979637441E-002   0.0000000000000000E+000   0.2190244345912013E-002   0.0000000000000000E+000
  0.2841697107339846E-005   0.6345375848753011E-001   0.9157931359364442E-002   0.0000000000000000E+000   0.2314493561641560E-002   0.0000000000000000E+000
  0.2764625970030802E-005   0.6460832549970935E-001   0.1055049844610688E-001   0.0000000000000000E+000   0.2612066828957843E-002   0.0000000000000000E+000
  0.2701192867057430E-005   0.6556314098622458E-001   0.1081792609909607E-001   0.0000000000000000E+000   0.2872949829052406E-002   0.0000000000000000E+000
  0.2639838598999939E-005   0.6651236342581614E-001   0.1084018920790783E-001   0.0000000000000000E+000   0.3128817221552816E-002   0.0000000000000000E+000
  0.2581222327273596E-005   0.6745614307367964E-001   0.1085009079110194E-001   0.0000000000000000E+000   0.3377109724228630E-002   0.0000000000000000E+000
  0.2525026737537709E-005   0.6839456116525081E-001   0.1087431914073025E-001   0.0000000000000000E+000   0.3618322071576693E-002   0.0000000000000000E+000
  0.2460834000702427E-005   0.6951209517504016E-001   0.1091930779175075E-001   0.0000000000000000E+000   0.3898887686433862E-002   0.0000000000000000E+000
  0.2399939147954698E-005   0.7062217977890115E-001   0.1097900268840995E-001   0.0000000000000000E+000   0.4171055296081197E-002   0.0000000000000000E+000
  0.2337279600534104E-005   0.7181568190307831E-001   0.1105736085815957E-001   0.0000000000000000E+000   0.4457100716609202E-002   0.0000000000000000E+000
  0.2278427287510636E-005   0.7300077266369798E-001   0.1114743026135923E-001   0.0000000000000000E+000   0.4734991116606499E-002   0.0000000000000000E+000
  0.2250087752912342E-005   0.7359007089120663E-001   0.1119612645364410E-001   0.0000000000000000E+000   0.4871060436781758E-002   0.0000000000000000E+000
  0.2222096501087104E-005   0.7417732775682766E-001   0.1124692429117988E-001   0.0000000000000000E+000   0.5005335261665071E-002   0.0000000000000000E+000
  0.2168163565359815E-005   0.7534606379100194E-001   0.1135396933260237E-001   0.0000000000000000E+000   0.5268823538168538E-002   0.0000000000000000E+000
  0.2121179394148878E-005   0.7641650606179630E-001   0.1145793643752053E-001   0.0000000000000000E+000   0.5506019229518853E-002   0.0000000000000000E+000
  0.2075830336526581E-005   0.7748031686409472E-001   0.1156582378399960E-001   0.0000000000000000E+000   0.5738053976777326E-002   0.0000000000000000E+000
  0.2012042575258920E-005   0.7906289070118547E-001   0.1173290486313752E-001   0.0000000000000000E+000   0.6076807698891913E-002   0.0000000000000000E+000
  0.1981766773030806E-005   0.7984851874284990E-001   0.1181800066603318E-001   0.0000000000000000E+000   0.6242243800481395E-002   0.0000000000000000E+000
  0.1952198995835139E-005   0.8063062759411783E-001   0.1214444293470814E-001   0.0000000000000000E+000   0.6406371663590957E-002   0.0000000000000000E+000
  0.1917044450228101E-005   0.8166653757424071E-001   0.1555575376569435E-001   0.0000000000000000E+000   0.6654980909647426E-002   0.0000000000000000E+000
  0.1893180625800220E-005   0.8269273437552015E-001   0.3001131195208592E-001   0.0000000000000000E+000   0.7095663786022340E-002   0.0000000000000000E+000
  0.1889099267257767E-005   0.8370176898494847E-001   0.6462477173461174E-001   0.0000000000000000E+000   0.8095538649377917E-002   0.0000000000000000E+000
  0.1893138560688374E-005   0.8468614302314914E-001   0.1189595429292544E+000   0.0000000000000000E+000   0.1010216740416296E-001   0.0000000000000000E+000
  0.1892679767843701E-005   0.8508811203049646E-001   0.1429392932128784E+000   0.0000000000000000E+000   0.1130227651911862E-001   0.0000000000000000E+000
  0.1886177035439222E-005   0.8548705242205570E-001   0.1570477135693394E+000   0.0000000000000000E+000   0.1266710197465654E-001   0.0000000000000000E+000
  0.1863189218503380E-005   0.8628014223469674E-001   0.1658671024406380E+000   0.0000000000000000E+000   0.1556727033903108E-001   0.0000000000000000E+000
  0.1810382754142631E-005   0.8785616464646513E-001   0.1684517105800601E+000   0.0000000000000000E+000   0.2140848947682384E-001   0.0000000000000000E+000
  0.1770462043160020E-005   0.8908758463076834E-001   0.1677503943844419E+000   0.0000000000000000E+000   0.2587676325968474E-001   0.0000000000000000E+000
  0.1732104136930495E-005   0.9031230727023716E-001   0.1670596453707163E+000   0.0000000000000000E+000   0.3021228610870095E-001   0.0000000000000000E+000
  0.1695382764200686E-005   0.9153045540096236E-001   0.1666155840175343E+000   0.0000000000000000E+000   0.3442543906725425E-001   0.0000000000000000E+000
  0.1659761299412790E-005   0.9274214880195104E-001   0.1663890871299454E+000   0.0000000000000000E+000   0.3852703067022915E-001   0.0000000000000000E+000
  0.1594420174719499E-005   0.9510623600926939E-001   0.1664851949057366E+000   0.0000000000000000E+000   0.4630198978343058E-001   0.0000000000000000E+000
  0.1564921955475690E-005   0.9623997217711684E-001   0.1667520372871769E+000   0.0000000000000000E+000   0.4993541969423012E-001   0.0000000000000000E+000
  0.1536092376478709E-005   0.9736828056306771E-001   0.1671418878804122E+000   0.0000000000000000E+000   0.5349657405638240E-001   0.0000000000000000E+000
  0.1502900934948732E-005   0.9871344839088596E-001   0.1677527921467455E+000   0.0000000000000000E+000   0.5767626636587903E-001   0.0000000000000000E+000
  0.1471148418920774E-005   0.1000511032250253E+000   0.1685016025126553E+000   0.0000000000000000E+000   0.6176727387241018E-001   0.0000000000000000E+000
  0.1440712837499240E-005   0.1013794721051292E+000   0.1693695297787741E+000   0.0000000000000000E+000   0.6577072512600085E-001   0.0000000000000000E+000
  0.1411479392173204E-005   0.1027006415419810E+000   0.1703423381488316E+000   0.0000000000000000E+000   0.6969865290147054E-001   0.0000000000000000E+000
  0.1383375883179598E-005   0.1040147514812005E+000   0.1714066463059340E+000   0.0000000000000000E+000   0.7355641053834841E-001   0.0000000000000000E+000
  0.1356377393533186E-005   0.1053219381255795E+000   0.1725506785750787E+000   0.0000000000000000E+000   0.7734875223880155E-001   0.0000000000000000E+000
  0.1333281031434889E-005   0.1064758848020478E+000   0.1736239580945575E+000   0.0000000000000000E+000   0.8066169042936969E-001   0.0000000000000000E+000
  0.1310812046672143E-005   0.1076245777908003E+000   0.1747454252360404E+000   0.0000000000000000E+000   0.8392914073836727E-001   0.0000000000000000E+000
  0.1278484757877235E-005   0.1093356984396564E+000   0.1765030317726187E+000   0.0000000000000000E+000   0.8874389959814964E-001   0.0000000000000000E+000
  0.1247766552279650E-005   0.1110355124240890E+000   0.1783389631808177E+000   0.0000000000000000E+000   0.9346910188525742E-001   0.0000000000000000E+000
  0.1213692104927916E-005   0.1130015293765803E+000   0.1805570751377713E+000   0.0000000000000000E+000   0.9886827301865279E-001   0.0000000000000000E+000
  0.1181768965184017E-005   0.1149530042267417E+000   0.1828427691949213E+000   0.0000000000000000E+000   0.1041629570236176E+000   0.0000000000000000E+000
  0.1168584977358349E-005   0.1157830609601534E+000   0.1838367871516069E+000   0.0000000000000000E+000   0.1063967871937651E+000   0.0000000000000000E+000
  0.1155521333670811E-005   0.1166105651872527E+000   0.1848392296350775E+000   0.0000000000000000E+000   0.1086133991031951E+000   0.0000000000000000E+000
  0.1130279713943428E-005   0.1182583217443348E+000   0.1868655909996639E+000   0.0000000000000000E+000   0.1129976361557938E+000   0.0000000000000000E+000
  0.1112203192442229E-005   0.1194859624596875E+000   0.1883983141996519E+000   0.0000000000000000E+000   0.1162395652021155E+000   0.0000000000000000E+000
  0.1094486419709975E-005   0.1207081704810448E+000   0.1899410253365092E+000   0.0000000000000000E+000   0.1194473042836945E+000   0.0000000000000000E+000
  0.1060468247898358E-005   0.1231350087604142E+000   0.1930448765605467E+000   0.0000000000000000E+000   0.1257608136520304E+000   0.0000000000000000E+000
  0.1024094665649205E-005   0.1259354509300704E+000   0.1966770999377548E+000   0.0000000000000000E+000   0.1329594594894143E+000   0.0000000000000000E+000
  0.1006832486343106E-005   0.1273230656058355E+000   0.1984914522091925E+000   0.0000000000000000E+000   0.1364939010399271E+000   0.0000000000000000E+000
  0.9899456877009421E-006   0.1287041172989800E+000   0.2003041027587185E+000   0.0000000000000000E+000   0.1399912005818152E+000   0.0000000000000000E+000
  0.9680412197174964E-006   0.1305344704420228E+000   0.2027140305251627E+000   0.0000000000000000E+000   0.1445959198853504E+000   0.0000000000000000E+000
  0.9275403600406029E-006   0.1341538139144749E+000   0.2074906132070554E+000   0.0000000000000000E+000   0.1536039150288101E+000   0.0000000000000000E+000
  0.9085940321359324E-006   0.1359454874314149E+000   0.2098558441381374E+000   0.0000000000000000E+000   0.1580173846820463E+000   0.0000000000000000E+000
  0.8802272208180285E-006   0.1387359556917437E+000   0.2135328886916638E+000   0.0000000000000000E+000   0.1648336508589980E+000   0.0000000000000000E+000
  0.8655168251825282E-006   0.1402451098440370E+000   0.2155164109449967E+000   0.0000000000000000E+000   0.1684917508551038E+000   0.0000000000000000E+000
  0.8435691254600749E-006   0.1425555147152857E+000   0.2185431321768083E+000   0.0000000000000000E+000   0.1740547515495076E+000   0.0000000000000000E+000
  0.8216359111172599E-006   0.1449678567048053E+000   0.2216881517116333E+000   0.0000000000000000E+000   0.1798163669582585E+000   0.0000000000000000E+000
  0.7940671184695117E-006   0.1481580767485365E+000   0.2258186482419839E+000   0.0000000000000000E+000   0.1873647781475676E+000   0.0000000000000000E+000
  0.7724568637777375E-006   0.1508259764157196E+000   0.2292448882467482E+000   0.0000000000000000E+000   0.1936171738285093E+000   0.0000000000000000E+000
  0.7629706304180001E-006   0.1520295198382011E+000   0.2307816711899832E+000   0.0000000000000000E+000   0.1964203133805583E+000   0.0000000000000000E+000
  0.7535825032900160E-006   0.1532289359141539E+000   0.2323074901765696E+000   0.0000000000000000E+000   0.1992032431824981E+000   0.0000000000000000E+000
  0.7335817962612863E-006   0.1558511551354378E+000   0.2356225978878289E+000   0.0000000000000000E+000   0.2052511684038131E+000   0.0000000000000000E+000
  0.7098482613521061E-006   0.1591537436492700E+000   0.2397559948271164E+000   0.0000000000000000E+000   0.2127991734198658E+000   0.0000000000000000E+000
  0.6907398959400601E-006   0.1619514570891695E+000   0.2432202750912388E+000   0.0000000000000000E+000   0.2191347191203384E+000   0.0000000000000000E+000
  0.6726101818641100E-006   0.1647285610489696E+000   0.2466246396783182E+000   0.0000000000000000E+000   0.2253719466131901E+000   0.0000000000000000E+000
  0.6610436743792787E-006   0.1665640491087567E+000   0.2488560191707794E+000   0.0000000000000000E+000   0.2294667638644227E+000   0.0000000000000000E+000
  0.6497073091294922E-006   0.1683909562726868E+000   0.2510622319453968E+000   0.0000000000000000E+000   0.2335210574148107E+000   0.0000000000000000E+000
  0.6279964197086112E-006   0.1720089551247765E+000   0.2553879163531007E+000   0.0000000000000000E+000   0.2414884955103619E+000   0.0000000000000000E+000
  0.6031560364205368E-006   0.1764733360293103E+000   0.2606469074750715E+000   0.0000000000000000E+000   0.2512100607185431E+000   0.0000000000000000E+000
  0.5869359256482265E-006   0.1795556905653393E+000   0.2642288387520865E+000   0.0000000000000000E+000   0.2578538145993688E+000   0.0000000000000000E+000
  0.5714230680290986E-006   0.1826162570131882E+000   0.2677464872339078E+000   0.0000000000000000E+000   0.2643971578239812E+000   0.0000000000000000E+000
  0.5587736842392966E-006   0.1852112524500415E+000   0.2706995141002256E+000   0.0000000000000000E+000   0.2699045086574994E+000   0.0000000000000000E+000
  0.5465398416480339E-006   0.1877914812130910E+000   0.2736095011952940E+000   0.0000000000000000E+000   0.2753444859828049E+000   0.0000000000000000E+000
  0.5311089498405463E-006   0.1912036867740733E+000   0.2774182850973956E+000   0.0000000000000000E+000   0.2824848020033395E+000   0.0000000000000000E+000
  0.5237381492850386E-006   0.1928928286089258E+000   0.2792878102098665E+000   0.0000000000000000E+000   0.2859973790681768E+000   0.0000000000000000E+000
  0.5164482473112848E-006   0.1945760891617307E+000   0.2811405167363585E+000   0.0000000000000000E+000   0.2894834903137102E+000   0.0000000000000000E+000
  0.5025296401597907E-006   0.1979164779614380E+000   0.2847869697577131E+000   0.0000000000000000E+000   0.2963603714869571E+000   0.0000000000000000E+000
  0.4958418403771180E-006   0.1995730747965056E+000   0.2865812207422191E+000   0.0000000000000000E+000   0.2997509310581872E+000   0.0000000000000000E+000
  0.4828299432115880E-006   0.2028661780937060E+000   0.2901203843131877E+000   0.0000000000000000E+000   0.3064528166220472E+000   0.0000000000000000E+000
  0.4705372246203768E-006   0.2061290208520773E+000   0.2935925052107767E+000   0.0000000000000000E+000   0.3130444268498155E+000   0.0000000000000000E+000
  0.4588418931315811E-006   0.2093625454808972E+000   0.2970006155321504E+000   0.0000000000000000E+000   0.3195305843606319E+000   0.0000000000000000E+000
  0.4504249899618366E-006   0.2117665636922810E+000   0.2995142097758898E+000   0.0000000000000000E+000   0.3243239142865035E+000   0.0000000000000000E+000
  0.4422164325795987E-006   0.2141604920972254E+000   0.3020006767788410E+000   0.0000000000000000E+000   0.3290732974943354E+000   0.0000000000000000E+000
  0.4317412964641766E-006   0.2173245205986456E+000   0.3052623254610405E+000   0.0000000000000000E+000   0.3353150120744455E+000   0.0000000000000000E+000
  0.4241676101951470E-006   0.2196765666452475E+000   0.3076696483114575E+000   0.0000000000000000E+000   0.3399294645013218E+000   0.0000000000000000E+000
  0.4120778210067852E-006   0.2235688934612906E+000   0.3116216353327496E+000   0.0000000000000000E+000   0.3475196522150569E+000   0.0000000000000000E+000
  0.4051682205547168E-006   0.2258844778335621E+000   0.3139551174478007E+000   0.0000000000000000E+000   0.3520087046536085E+000   0.0000000000000000E+000
  0.3983554629372658E-006   0.2281918653397046E+000   0.3162676622011202E+000   0.0000000000000000E+000   0.3564628724966316E+000   0.0000000000000000E+000
  0.3854499752420477E-006   0.2327570283565238E+000   0.3208064176220897E+000   0.0000000000000000E+000   0.3652213579572278E+000   0.0000000000000000E+000
  0.3793233993564429E-006   0.2350203150345795E+000   0.3230400049093123E+000   0.0000000000000000E+000   0.3695378755631141E+000   0.0000000000000000E+000
  0.3732721221196283E-006   0.2372764556892376E+000   0.3252558138787209E+000   0.0000000000000000E+000   0.3738244018518779E+000   0.0000000000000000E+000
  0.3626239351539531E-006   0.2413695346517933E+000   0.3292492582113847E+000   0.0000000000000000E+000   0.3815605740471286E+000   0.0000000000000000E+000
  0.3526357502116092E-006   0.2454261023000002E+000   0.3331751625680536E+000   0.0000000000000000E+000   0.3891783900278604E+000   0.0000000000000000E+000
  0.3473664689373751E-006   0.2476238124442643E+000   0.3352895891128269E+000   0.0000000000000000E+000   0.3932858201738456E+000   0.0000000000000000E+000
  0.3404455280117760E-006   0.2505386647177751E+000   0.3380809530261811E+000   0.0000000000000000E+000   0.3987130115507371E+000   0.0000000000000000E+000
  0.3274668914299772E-006   0.2562973820918531E+000   0.3435528956303578E+000   0.0000000000000000E+000   0.4093691992162685E+000   0.0000000000000000E+000
  0.3213337428192417E-006   0.2591543399044524E+000   0.3462488302538240E+000   0.0000000000000000E+000   0.4146249117011010E+000   0.0000000000000000E+000
  0.3153621867466945E-006   0.2619830339137180E+000   0.3489060605858618E+000   0.0000000000000000E+000   0.4198094432660002E+000   0.0000000000000000E+000
  0.3095641880041246E-006   0.2648035049553466E+000   0.3515443028701212E+000   0.0000000000000000E+000   0.4249605811617879E+000   0.0000000000000000E+000
  0.3039609093411136E-006   0.2675940533636689E+000   0.3541439505312886E+000   0.0000000000000000E+000   0.4300397417892989E+000   0.0000000000000000E+000
  0.2971547933351142E-006   0.2710616256349307E+000   0.3573602706362340E+000   0.0000000000000000E+000   0.4363281171479865E+000   0.0000000000000000E+000
  0.2873738839042825E-006   0.2762303535865734E+000   0.3621270400175438E+000   0.0000000000000000E+000   0.4456564635683241E+000   0.0000000000000000E+000
  0.2770732535709117E-006   0.2820136247356035E+000   0.3674240027479049E+000   0.0000000000000000E+000   0.4560343751653358E+000   0.0000000000000000E+000
  0.2712853946475535E-006   0.2853831992395207E+000   0.3704942505569951E+000   0.0000000000000000E+000   0.4620541253778537E+000   0.0000000000000000E+000
  0.2645928864213244E-006   0.2893919910012573E+000   0.3741319037889429E+000   0.0000000000000000E+000   0.4691918423939806E+000   0.0000000000000000E+000
  0.2602508857378838E-006   0.2920514587778376E+000   0.3765370952795509E+000   0.0000000000000000E+000   0.4739134424203577E+000   0.0000000000000000E+000
  0.2519524627805007E-006   0.2973141690837720E+000   0.3812773375443449E+000   0.0000000000000000E+000   0.4832268370521418E+000   0.0000000000000000E+000
  0.2479699385198969E-006   0.2999311381267484E+000   0.3836263985470170E+000   0.0000000000000000E+000   0.4878441672368743E+000   0.0000000000000000E+000
  0.2421341861494914E-006   0.3038204567983160E+000   0.3871076181588914E+000   0.0000000000000000E+000   0.4946905270864465E+000   0.0000000000000000E+000
  0.2347378614383529E-006   0.3089654163652009E+000   0.3916957868488353E+000   0.0000000000000000E+000   0.5037200466355363E+000   0.0000000000000000E+000
  0.2294664420949166E-006   0.3127884819203078E+000   0.3950937440904730E+000   0.0000000000000000E+000   0.5104113588201964E+000   0.0000000000000000E+000
  0.2260125676311482E-006   0.3153269261641675E+000   0.3973449899737881E+000   0.0000000000000000E+000   0.5148463575899056E+000   0.0000000000000000E+000
  0.2193800145317041E-006   0.3203583892373066E+000   0.4017954170039368E+000   0.0000000000000000E+000   0.5236197640904634E+000   0.0000000000000000E+000
  0.2161854725900055E-006   0.3228506521143520E+000   0.4039951803412123E+000   0.0000000000000000E+000   0.5279577180075212E+000   0.0000000000000000E+000
  0.2099957762513382E-006   0.3278109515011217E+000   0.4083632758244104E+000   0.0000000000000000E+000   0.5365775412295145E+000   0.0000000000000000E+000
  0.2069999628239797E-006   0.3302782790766270E+000   0.4105321452403835E+000   0.0000000000000000E+000   0.5408588499895486E+000   0.0000000000000000E+000
  0.2012121805819249E-006   0.3351706488534951E+000   0.4148242951389593E+000   0.0000000000000000E+000   0.5493370441082224E+000   0.0000000000000000E+000
  0.1984147424603150E-006   0.3375999214161609E+000   0.4169523748622826E+000   0.0000000000000000E+000   0.5535418978244734E+000   0.0000000000000000E+000
  0.1929602208221575E-006   0.3424224469480965E+000   0.4211703996914801E+000   0.0000000000000000E+000   0.5618807213176981E+000   0.0000000000000000E+000
  0.1877686044180164E-006   0.3472129716504832E+000   0.4253533465878380E+000   0.0000000000000000E+000   0.5701545277751046E+000   0.0000000000000000E+000
  0.1833898864834363E-006   0.3513634580309836E+000   0.4289724226653492E+000   0.0000000000000000E+000   0.5773165809383660E+000   0.0000000000000000E+000
  0.1779750487972785E-006   0.3566635511836388E+000   0.4335878524195670E+000   0.0000000000000000E+000   0.5864556732990277E+000   0.0000000000000000E+000
  0.1736881899388858E-006   0.3610331977427134E+000   0.4373890611828882E+000   0.0000000000000000E+000   0.5939863229060617E+000   0.0000000000000000E+000
  0.1713196068655845E-006   0.3634958685642349E+000   0.4395300903695139E+000   0.0000000000000000E+000   0.5982294519858853E+000   0.0000000000000000E+000
  0.1689633636265069E-006   0.3659590806600431E+000   0.4416708780738766E+000   0.0000000000000000E+000   0.6024730113590103E+000   0.0000000000000000E+000
  0.1633900281847770E-006   0.3719685712829607E+000   0.4468906488445524E+000   0.0000000000000000E+000   0.6128251152007392E+000   0.0000000000000000E+000
  0.1599815029022758E-006   0.3757962032784619E+000   0.4502147387815668E+000   0.0000000000000000E+000   0.6194192867687885E+000   0.0000000000000000E+000
  0.1566387115335226E-006   0.3796268337972180E+000   0.4535409466447811E+000   0.0000000000000000E+000   0.6260201498373917E+000   0.0000000000000000E+000
  0.1537544454340275E-006   0.3829970475996975E+000   0.4564676450022768E+000   0.0000000000000000E+000   0.6318294889129551E+000   0.0000000000000000E+000
  0.1495861895063901E-006   0.3880114110891012E+000   0.4608226787716543E+000   0.0000000000000000E+000   0.6404773139280368E+000   0.0000000000000000E+000
  0.1469024111785709E-006   0.3913339054584606E+000   0.4637095477513266E+000   0.0000000000000000E+000   0.6462110405460150E+000   0.0000000000000000E+000
  0.1438403944451576E-006   0.3951908193371317E+000   0.4670620862425842E+000   0.0000000000000000E+000   0.6528715249197865E+000   0.0000000000000000E+000
  0.1404503008030085E-006   0.3995655360617639E+000   0.4708671997010914E+000   0.0000000000000000E+000   0.6604329137565298E+000   0.0000000000000000E+000
  0.1364005681213559E-006   0.4049850141648724E+000   0.4755850034942228E+000   0.0000000000000000E+000   0.6698117085574046E+000   0.0000000000000000E+000
  0.1340324842637293E-006   0.4082280872166678E+000   0.4784112153535545E+000   0.0000000000000000E+000   0.6754310808689524E+000   0.0000000000000000E+000
  0.1302277169883386E-006   0.4135752790155595E+000   0.4830758229845649E+000   0.0000000000000000E+000   0.6847091300712631E+000   0.0000000000000000E+000
  0.1280281396843750E-006   0.4167490066852465E+000   0.4858483137649177E+000   0.0000000000000000E+000   0.6902241925277739E+000   0.0000000000000000E+000
  0.1245261320427128E-006   0.4218898882394353E+000   0.4903454972357002E+000   0.0000000000000000E+000   0.6991718059705690E+000   0.0000000000000000E+000
  0.1206703163932754E-006   0.4277876887657858E+000   0.4955158005483248E+000   0.0000000000000000E+000   0.7094603744285419E+000   0.0000000000000000E+000
  0.1180337974749083E-006   0.4319489428752937E+000   0.4991716867932544E+000   0.0000000000000000E+000   0.7167362191642347E+000   0.0000000000000000E+000
  0.1157772369724573E-006   0.4355650222938212E+000   0.5023543672945706E+000   0.0000000000000000E+000   0.7230707559714736E+000   0.0000000000000000E+000
  0.1126718949496227E-006   0.4406930236091348E+000   0.5068771312629257E+000   0.0000000000000000E+000   0.7320739121219368E+000   0.0000000000000000E+000
  0.1111626322418309E-006   0.4432364134921983E+000   0.5091250213346344E+000   0.0000000000000000E+000   0.7365484887887289E+000   0.0000000000000000E+000
  0.1084929556813562E-006   0.4478062863485717E+000   0.5131715890698982E+000   0.0000000000000000E+000   0.7446041698047062E+000   0.0000000000000000E+000
  0.1062076914308124E-006   0.4518344908339045E+000   0.5167475098815544E+000   0.0000000000000000E+000   0.7517226373379546E+000   0.0000000000000000E+000
  0.1039803451480208E-006   0.4558381292827167E+000   0.5203102121567434E+000   0.0000000000000000E+000   0.7588147516353861E+000   0.0000000000000000E+000
  0.1015630057878120E-006   0.4603053648595496E+000   0.5242959093371644E+000   0.0000000000000000E+000   0.7667489023447811E+000   0.0000000000000000E+000
  0.1001186786793168E-006   0.4630201911716677E+000   0.5267239117388670E+000   0.0000000000000000E+000   0.7715817016967194E+000   0.0000000000000000E+000
  0.9766757557795830E-007   0.4676912912743198E+000   0.5309120058109837E+000   0.0000000000000000E+000   0.7799169131286481E+000   0.0000000000000000E+000
  0.9470073292500401E-007   0.4735615808071356E+000   0.5361950033064283E+000   0.0000000000000000E+000   0.7904288585153540E+000   0.0000000000000000E+000
  0.9279642249282675E-007   0.4774366906551781E+000   0.5396952537076113E+000   0.0000000000000000E+000   0.7973913671905741E+000   0.0000000000000000E+000
  0.9093517887114302E-007   0.4812895223745988E+000   0.5431857272941919E+000   0.0000000000000000E+000   0.8043326915901863E+000   0.0000000000000000E+000
  0.8912388583055457E-007   0.4851203828955522E+000   0.5466669782950553E+000   0.0000000000000000E+000   0.8112534137880610E+000   0.0000000000000000E+000
  0.8736122433849225E-007   0.4889105064480854E+000   0.5501221436633875E+000   0.0000000000000000E+000   0.8181195029370048E+000   0.0000000000000000E+000
  0.8479617996544503E-007   0.4945992777552709E+000   0.5553286728319443E+000   0.0000000000000000E+000   0.8284613813633981E+000   0.0000000000000000E+000
  0.8356057046555316E-007   0.4974099659793925E+000   0.5579108410424087E+000   0.0000000000000000E+000   0.8335875661654171E+000   0.0000000000000000E+000
  0.8233101994218552E-007   0.5002303702360372E+000   0.5605084377716771E+000   0.0000000000000000E+000   0.8387426468431840E+000   0.0000000000000000E+000
  0.8074344865656111E-007   0.5039366627534406E+000   0.5639321224855023E+000   0.0000000000000000E+000   0.8455341682401022E+000   0.0000000000000000E+000
  0.7918229027635582E-007   0.5076605647380794E+000   0.5673840263618871E+000   0.0000000000000000E+000   0.8523780851873617E+000   0.0000000000000000E+000
  0.7766715084950968E-007   0.5113454077286803E+000   0.5708117548361127E+000   0.0000000000000000E+000   0.8591705342432634E+000   0.0000000000000000E+000
  0.7618893152277747E-007   0.5150103987748818E+000   0.5742331633921398E+000   0.0000000000000000E+000   0.8659468778352866E+000   0.0000000000000000E+000
  0.7475378205217594E-007   0.5186368921062956E+000   0.5776308240338835E+000   0.0000000000000000E+000   0.8726726080118962E+000   0.0000000000000000E+000
  0.7333787751605725E-007   0.5222817367027028E+000   0.5810581719170058E+000   0.0000000000000000E+000   0.8794534528714946E+000   0.0000000000000000E+000
  0.7188572700512046E-007   0.5260919587340970E+000   0.5846547281024828E+000   0.0000000000000000E+000   0.8865650781815816E+000   0.0000000000000000E+000
  0.7045851248189249E-007   0.5299232811880465E+000   0.5882855635785008E+000   0.0000000000000000E+000   0.8937405538273211E+000   0.0000000000000000E+000
  0.6947599736987946E-007   0.5325894073862600E+000   0.5908209915371675E+000   0.0000000000000000E+000   0.8987485817389954E+000   0.0000000000000000E+000
  0.6723997225925649E-007   0.5388063104394220E+000   0.5967611323997396E+000   0.0000000000000000E+000   0.9104745973288536E+000   0.0000000000000000E+000
  0.6601279782297300E-007   0.5423270419190598E+000   0.6001436434536438E+000   0.0000000000000000E+000   0.9171461565467779E+000   0.0000000000000000E+000
  0.6481427850400093E-007   0.5458086966864224E+000   0.6035018116976614E+000   0.0000000000000000E+000   0.9237663565898062E+000   0.0000000000000000E+000
  0.6363320863842402E-007   0.5493098231713359E+000   0.6068923526747698E+000   0.0000000000000000E+000   0.9304468264398108E+000   0.0000000000000000E+000
  0.6276680789277540E-007   0.5519035299255134E+000   0.6094132025477068E+000   0.0000000000000000E+000   0.9354111809663540E+000   0.0000000000000000E+000
  0.6079400269020950E-007   0.5579501984044134E+000   0.6153200372962161E+000   0.0000000000000000E+000   0.9470362494035496E+000   0.0000000000000000E+000
  0.5971022541969790E-007   0.5613737641420904E+000   0.6186841003859662E+000   0.0000000000000000E+000   0.9536513015281216E+000   0.0000000000000000E+000
  0.5864768379760863E-007   0.5647616547327563E+000   0.6220272533860094E+000   0.0000000000000000E+000   0.9602215280125407E+000   0.0000000000000000E+000
  0.5708406170085700E-007   0.5698539593230212E+000   0.6270795066306060E+000   0.0000000000000000E+000   0.9701429765596599E+000   0.0000000000000000E+000
  0.5558380851595873E-007   0.5748808296215764E+000   0.6320999348466734E+000   0.0000000000000000E+000   0.9799921713763976E+000   0.0000000000000000E+000
  0.5412256276397363E-007   0.5798982970708968E+000   0.6371446235767712E+000   0.0000000000000000E+000   0.9898788910978676E+000   0.0000000000000000E+000
  0.5271508780882236E-007   0.5848514227538417E+000   0.6421586698370670E+000   0.0000000000000000E+000   0.9996945191957558E+000   0.0000000000000000E+000
  0.5134345077425583E-007   0.5897959786212186E+000   0.6471988576463809E+000   0.0000000000000000E+000   0.1009549024308123E+001   0.0000000000000000E+000
  0.5002576083612054E-007   0.5946772054229053E+000   0.6522095607817856E+000   0.0000000000000000E+000   0.1019332728278723E+001   0.0000000000000000E+000
  0.4916222348639707E-007   0.5979389509462406E+000   0.6555778778989769E+000   0.0000000000000000E+000   0.1025901426997094E+001   0.0000000000000000E+000
  0.4831900573092046E-007   0.6011667769216956E+000   0.6589273230556209E+000   0.0000000000000000E+000   0.1032426380750875E+001   0.0000000000000000E+000
  0.4749777541928938E-007   0.6043608788523652E+000   0.6622579856021611E+000   0.0000000000000000E+000   0.1038907300696729E+001   0.0000000000000000E+000
  0.4668439976845143E-007   0.6075761546683869E+000   0.6656273298404799E+000   0.0000000000000000E+000   0.1045455593884863E+001   0.0000000000000000E+000
  0.4589245437535745E-007   0.6107397246886742E+000   0.6689591969821426E+000   0.0000000000000000E+000   0.1051922569806819E+001   0.0000000000000000E+000
  0.4435420989017174E-007   0.6170591760919660E+000   0.6756650463869052E+000   0.0000000000000000E+000   0.1064912853332810E+001   0.0000000000000000E+000
  0.4360740409419476E-007   0.6202140335200158E+000   0.6790389359060249E+000   0.0000000000000000E+000   0.1071434683590401E+001   0.0000000000000000E+000
  0.4287583398441626E-007   0.6233359265000278E+000   0.6823949146742255E+000   0.0000000000000000E+000   0.1077912858488619E+001   0.0000000000000000E+000
  0.4216306925938975E-007   0.6264250470545384E+000   0.6857330667031526E+000   0.0000000000000000E+000   0.1084347271954982E+001   0.0000000000000000E+000
  0.4145639307561482E-007   0.6295356820267385E+000   0.6891122510976280E+000   0.0000000000000000E+000   0.1090851279143811E+001   0.0000000000000000E+000
  0.4076411902829614E-007   0.6326137482637257E+000   0.6924740487983699E+000   0.0000000000000000E+000   0.1097311992027316E+001   0.0000000000000000E+000
  0.3942612925853096E-007   0.6387277716293001E+000   0.6992053591840025E+000   0.0000000000000000E+000   0.1110220022892890E+001   0.0000000000000000E+000
  0.3877612190488159E-007   0.6417629215527102E+000   0.7025746307839958E+000   0.0000000000000000E+000   0.1116665985211694E+001   0.0000000000000000E+000
  0.3751244202977774E-007   0.6477919721890841E+000   0.7093225147665533E+000   0.0000000000000000E+000   0.1129547586967755E+001   0.0000000000000000E+000
  0.3690499115717607E-007   0.6507673053402394E+000   0.7126807490836068E+000   0.0000000000000000E+000   0.1135943620121740E+001   0.0000000000000000E+000
  0.3629901504105065E-007   0.6537644403513648E+000   0.7160826475925020E+000   0.0000000000000000E+000   0.1142413266645107E+001   0.0000000000000000E+000
  0.3570531148662859E-007   0.6567300667262331E+000   0.7194681298210448E+000   0.0000000000000000E+000   0.1148841656027744E+001   0.0000000000000000E+000
  0.3455569066587249E-007   0.6626214911017383E+000   0.7262514788074367E+000   0.0000000000000000E+000   0.1161693118800553E+001   0.0000000000000000E+000
  0.3399932078064329E-007   0.6655465876746638E+000   0.7296489565321814E+000   0.0000000000000000E+000   0.1168115219686841E+001   0.0000000000000000E+000
  0.3344780929218356E-007   0.6684583683213019E+000   0.7330508026836151E+000   0.0000000000000000E+000   0.1174535981251384E+001   0.0000000000000000E+000
  0.3237963968918513E-007   0.6742432083355525E+000   0.7398690711225878E+000   0.0000000000000000E+000   0.1187376778307065E+001   0.0000000000000000E+000
  0.3186517435027583E-007   0.6770981045163731E+000   0.7432642314888315E+000   0.0000000000000000E+000   0.1193756903646225E+001   0.0000000000000000E+000
  0.3135121861789296E-007   0.6799750821232814E+000   0.7467061863746440E+000   0.0000000000000000E+000   0.1200216191338390E+001   0.0000000000000000E+000
  0.3085286927647284E-007   0.6828042675003080E+000   0.7501114747632879E+000   0.0000000000000000E+000   0.1206597954572851E+001   0.0000000000000000E+000
  0.3035488413251618E-007   0.6856556010038742E+000   0.7535643959332273E+000   0.0000000000000000E+000   0.1213060503348046E+001   0.0000000000000000E+000
  0.2939477095290190E-007   0.6912863103702417E+000   0.7604457362082963E+000   0.0000000000000000E+000   0.1225916934565315E+001   0.0000000000000000E+000
  0.2893192139791673E-007   0.6940652411214957E+000   0.7638733168946802E+000   0.0000000000000000E+000   0.1232310854926366E+001   0.0000000000000000E+000
  0.2846702958695347E-007   0.6968664787665636E+000   0.7673497093898520E+000   0.0000000000000000E+000   0.1238790398994203E+001   0.0000000000000000E+000
  0.2757005594517308E-007   0.7023984405568109E+000   0.7742784538649061E+000   0.0000000000000000E+000   0.1251693215588783E+001   0.0000000000000000E+000
  0.2713697725415597E-007   0.7051288070023508E+000   0.7777298310283977E+000   0.0000000000000000E+000   0.1258117424172922E+001   0.0000000000000000E+000
  0.2670335138058784E-007   0.7078817076492738E+000   0.7812309302358403E+000   0.0000000000000000E+000   0.1264634588817326E+001   0.0000000000000000E+000
  0.2623030667486483E-007   0.7109241996532831E+000   0.7851253192774076E+000   0.0000000000000000E+000   0.1271886503662416E+001   0.0000000000000000E+000
  0.2575730623597597E-007   0.7139954333717403E+000   0.7890832511181967E+000   0.0000000000000000E+000   0.1279262443924128E+001   0.0000000000000000E+000
  0.2494542881049165E-007   0.7193808770894261E+000   0.7960880822133827E+000   0.0000000000000000E+000   0.1292342413004524E+001   0.0000000000000000E+000
  0.2455218716332526E-007   0.7220395614009387E+000   0.7995765731705933E+000   0.0000000000000000E+000   0.1298874455734776E+001   0.0000000000000000E+000
  0.2415665833355521E-007   0.7247213997886058E+000   0.8031155404774194E+000   0.0000000000000000E+000   0.1305517620475075E+001   0.0000000000000000E+000
  0.2338597168321842E-007   0.7300195903612821E+000   0.8101654459146084E+000   0.0000000000000000E+000   0.1318815177189208E+001   0.0000000000000000E+000
  0.2264163079443468E-007   0.7352766626111108E+000   0.8172351224720306E+000   0.0000000000000000E+000   0.1332262678425321E+001   0.0000000000000000E+000
  0.2227813522480578E-007   0.7378732813775888E+000   0.8207534533261471E+000   0.0000000000000000E+000   0.1339007995604151E+001   0.0000000000000000E+000
  0.2191319102680190E-007   0.7404941597402473E+000   0.8243216912248262E+000   0.0000000000000000E+000   0.1345891223444257E+001   0.0000000000000000E+000
  0.2155660116535740E-007   0.7430720473257937E+000   0.8278475467362272E+000   0.0000000000000000E+000   0.1352739178510214E+001   0.0000000000000000E+000
  0.2102484146594253E-007   0.7469518743602164E+000   0.8331829137537181E+000   0.0000000000000000E+000   0.1363199978833813E+001   0.0000000000000000E+000
  0.2050021145072655E-007   0.7508209877424049E+000   0.8385361780565787E+000   0.0000000000000000E+000   0.1373828998527634E+001   0.0000000000000000E+000
  0.1981691109768311E-007   0.7559355908024392E+000   0.8456591666479766E+000   0.0000000000000000E+000   0.1388204022426809E+001   0.0000000000000000E+000
  0.1948213721871906E-007   0.7584650195488568E+000   0.8492003052070102E+000   0.0000000000000000E+000   0.1395457158702429E+001   0.0000000000000000E+000
  0.1898062484377093E-007   0.7622759952039615E+000   0.8545572954450695E+000   0.0000000000000000E+000   0.1406572438566932E+001   0.0000000000000000E+000
  0.1848494822401366E-007   0.7660812734061705E+000   0.8599313193558628E+000   0.0000000000000000E+000   0.1417901239343655E+001   0.0000000000000000E+000
  0.1783835474412442E-007   0.7711188563497424E+000   0.8670833030830838E+000   0.0000000000000000E+000   0.1433257871853879E+001   0.0000000000000000E+000
  0.1752187027884009E-007   0.7736133577767197E+000   0.8706408853208404E+000   0.0000000000000000E+000   0.1441013619207333E+001   0.0000000000000000E+000
  0.1720355603502018E-007   0.7761370814331322E+000   0.8742513529263528E+000   0.0000000000000000E+000   0.1448961205708425E+001   0.0000000000000000E+000
  0.1689232467452665E-007   0.7786231127930467E+000   0.8778193651359067E+000   0.0000000000000000E+000   0.1456887852370388E+001   0.0000000000000000E+000
  0.1642783469628623E-007   0.7823749739055211E+000   0.8832268738720311E+000   0.0000000000000000E+000   0.1469029374960153E+001   0.0000000000000000E+000
  0.1596980650844891E-007   0.7861282203565230E+000   0.8886660416862824E+000   0.0000000000000000E+000   0.1481381990448841E+001   0.0000000000000000E+000
  0.1537513100751831E-007   0.7911069919301604E+000   0.8959323953473413E+000   0.0000000000000000E+000   0.1498066964311271E+001   0.0000000000000000E+000
  0.1508540919617239E-007   0.7935762690628551E+000   0.8995602972286575E+000   0.0000000000000000E+000   0.1506459738964888E+001   0.0000000000000000E+000
  0.1479483933521848E-007   0.7960778370602473E+000   0.9032536774882820E+000   0.0000000000000000E+000   0.1515035788601027E+001   0.0000000000000000E+000
  0.1451218909975179E-007   0.7985440567326596E+000   0.9069141224196137E+000   0.0000000000000000E+000   0.1523558260361373E+001   0.0000000000000000E+000
  0.1422975805232871E-007   0.8010431884308796E+000   0.9106443684408801E+000   0.0000000000000000E+000   0.1532257846504058E+001   0.0000000000000000E+000
  0.1395440238904550E-007   0.8035073553126904E+000   0.9143447770657149E+000   0.0000000000000000E+000   0.1540892842183095E+001   0.0000000000000000E+000
  0.1341427186478938E-007   0.8084682826691892E+000   0.9218685214665436E+000   0.0000000000000000E+000   0.1558427106774409E+001   0.0000000000000000E+000
  0.1314969189915875E-007   0.8109651314021220E+000   0.9256961326319851E+000   0.0000000000000000E+000   0.1567316529860243E+001   0.0000000000000000E+000
  0.1289230097199410E-007   0.8134275098356454E+000   0.9295004204829300E+000   0.0000000000000000E+000   0.1576117421717188E+001   0.0000000000000000E+000
  0.1263602224983778E-007   0.8159241694400712E+000   0.9333900682764520E+000   0.0000000000000000E+000   0.1585068189306805E+001   0.0000000000000000E+000
  0.1238791151002174E-007   0.8183864466953343E+000   0.9372603425579767E+000   0.0000000000000000E+000   0.1593916020762435E+001   0.0000000000000000E+000
  0.1214120234869647E-007   0.8208832385661359E+000   0.9412219050623010E+000   0.0000000000000000E+000   0.1602902547156307E+001   0.0000000000000000E+000
  0.1190165961985312E-007   0.8233456259702974E+000   0.9451680968147711E+000   0.0000000000000000E+000   0.1611770897914006E+001   0.0000000000000000E+000
  0.1143606945646236E-007   0.8283058026426361E+000   0.9532465461311932E+000   0.0000000000000000E+000   0.1629621678220759E+001   0.0000000000000000E+000
  0.1121019432690760E-007   0.8308027579594015E+000   0.9573848187576421E+000   0.0000000000000000E+000   0.1638584423675710E+001   0.0000000000000000E+000
  0.1099149544419834E-007   0.8332648738418628E+000   0.9615167673546058E+000   0.0000000000000000E+000   0.1647394958091747E+001   0.0000000000000000E+000
  0.1077523381661651E-007   0.8357613048165967E+000   0.9657624150972514E+000   0.0000000000000000E+000   0.1656291159299171E+001   0.0000000000000000E+000
  0.1056616417394020E-007   0.8382224327452168E+000   0.9700072686667233E+000   0.0000000000000000E+000   0.1665015207330772E+001   0.0000000000000000E+000
  0.1016230611017005E-007   0.8431776156201103E+000   0.9787483001910666E+000   0.0000000000000000E+000   0.1682399033871482E+001   0.0000000000000000E+000
  0.9875825377059675E-008   0.8468938204617495E+000   0.9854921812097263E+000   0.0000000000000000E+000   0.1695237444949527E+001   0.0000000000000000E+000
  0.9599107835395628E-008   0.8506134583848941E+000   0.9924214642238686E+000   0.0000000000000000E+000   0.1707879673401334E+001   0.0000000000000000E+000
  0.9255188426888685E-008   0.8555454141142583E+000   0.1001913350266156E+001   0.0000000000000000E+000   0.1724270477354871E+001   0.0000000000000000E+000
  0.9091886712765336E-008   0.8579870479293857E+000   0.1006750886137708E+001   0.0000000000000000E+000   0.1732213199862439E+001   0.0000000000000000E+000
  0.8779888969799322E-008   0.8628909857396646E+000   0.1016760521439110E+001   0.0000000000000000E+000   0.1747804623767227E+001   0.0000000000000000E+000
  0.8632486928430603E-008   0.8653499440361377E+000   0.1021934316491447E+001   0.0000000000000000E+000   0.1755442376306247E+001   0.0000000000000000E+000
  0.8489663989726260E-008   0.8677673910849095E+000   0.1027123564980420E+001   0.0000000000000000E+000   0.1762838869313823E+001   0.0000000000000000E+000
  0.8219126742528621E-008   0.8726144251950134E+000   0.1037836644200950E+001   0.0000000000000000E+000   0.1777362941432888E+001   0.0000000000000000E+000
  0.8090226791825918E-008   0.8750407814994936E+000   0.1043356652993951E+001   0.0000000000000000E+000   0.1784500248810648E+001   0.0000000000000000E+000
  0.7904952658364759E-008   0.8786244426000576E+000   0.1051700825436461E+001   0.0000000000000000E+000   0.1794910653879860E+001   0.0000000000000000E+000
  0.7758787384979409E-008   0.8815881605351279E+000   0.1058773994899736E+001   0.0000000000000000E+000   0.1803426880924307E+001   0.0000000000000000E+000
  0.7673266748905617E-008   0.8833578936249623E+000   0.1063072486269155E+001   0.0000000000000000E+000   0.1808481861730703E+001   0.0000000000000000E+000
  0.7588306165129842E-008   0.8851402521866502E+000   0.1067458252390470E+001   0.0000000000000000E+000   0.1813555261817116E+001   0.0000000000000000E+000
  0.7503688144317581E-008   0.8869353135685958E+000   0.1071932897569479E+001   0.0000000000000000E+000   0.1818650892815411E+001   0.0000000000000000E+000
  0.7341497265244545E-008   0.8904499203057750E+000   0.1080863181100884E+001   0.0000000000000000E+000   0.1828601189077210E+001   0.0000000000000000E+000
  0.7187797588369867E-008   0.8939379798845651E+000   0.1089952772193389E+001   0.0000000000000000E+000   0.1838464076518830E+001   0.0000000000000000E+000
  0.7113175965479712E-008   0.8956623534649104E+000   0.1094532020928656E+001   0.0000000000000000E+000   0.1843342943913164E+001   0.0000000000000000E+000
  0.7038646418665517E-008   0.8973982350593924E+000   0.1099200324560333E+001   0.0000000000000000E+000   0.1848259624218298E+001   0.0000000000000000E+000
  0.6965677039524996E-008   0.8991088833785769E+000   0.1103859230716205E+001   0.0000000000000000E+000   0.1853111906568938E+001   0.0000000000000000E+000
  0.6823502345302932E-008   0.9025280963324643E+000   0.1113349284394799E+001   0.0000000000000000E+000   0.1862843733061091E+001   0.0000000000000000E+000
  0.6754231520249497E-008   0.9042358289572008E+000   0.1118180111457786E+001   0.0000000000000000E+000   0.1867725316007794E+001   0.0000000000000000E+000
  0.6686258460308487E-008   0.9059184313325288E+000   0.1123000418468838E+001   0.0000000000000000E+000   0.1872552110665278E+001   0.0000000000000000E+000
  0.6618636023497269E-008   0.9076118552162872E+000   0.1127913408464330E+001   0.0000000000000000E+000   0.1877430274926485E+001   0.0000000000000000E+000
  0.6552678823917541E-008   0.9092802488395406E+000   0.1132815077373022E+001   0.0000000000000000E+000   0.1882259078339592E+001   0.0000000000000000E+000
  0.6487140842582266E-008   0.9109592969375491E+000   0.1137809884386694E+001   0.0000000000000000E+000   0.1887145278171462E+001   0.0000000000000000E+000
  0.6444374886149292E-008   0.9120569838013689E+000   0.1141108694518674E+001   0.0000000000000000E+000   0.1890356285013857E+001   0.0000000000000000E+000
  0.6358999622867606E-008   0.9142664598742278E+000   0.1147826968122586E+001   0.0000000000000000E+000   0.1896867450331535E+001   0.0000000000000000E+000
  0.6316227820561401E-008   0.9153782357092748E+000   0.1151245258655512E+001   0.0000000000000000E+000   0.1900173153176690E+001   0.0000000000000000E+000
  0.6232344361234335E-008   0.9175536186807325E+000   0.1157998876890734E+001   0.0000000000000000E+000   0.1906715347288321E+001   0.0000000000000000E+000
  0.6189918906714841E-008   0.9186484138479259E+000   0.1161425345189770E+001   0.0000000000000000E+000   0.1910053969118222E+001   0.0000000000000000E+000
  0.6104047793273004E-008   0.9208220553026670E+000   0.1168264060907419E+001   0.0000000000000000E+000   0.1916802651451152E+001   0.0000000000000000E+000
  0.6015779414960363E-008   0.9229852894935977E+000   0.1175088142229965E+001   0.0000000000000000E+000   0.1923720956241153E+001   0.0000000000000000E+000
  0.5969792312116800E-008   0.9240752522449678E+000   0.1178520459130934E+001   0.0000000000000000E+000   0.1927300677176085E+001   0.0000000000000000E+000
  0.5875338374553605E-008   0.9262113881797360E+000   0.1185206329518592E+001   0.0000000000000000E+000   0.1934530498386333E+001   0.0000000000000000E+000
  0.5825244405219651E-008   0.9272890634699540E+000   0.1188549952389343E+001   0.0000000000000000E+000   0.1938294690698361E+001   0.0000000000000000E+000
  0.5773370014166332E-008   0.9283736768533830E+000   0.1191889284411286E+001   0.0000000000000000E+000   0.1942166282742930E+001   0.0000000000000000E+000
  0.5666245176504920E-008   0.9305036134362811E+000   0.1198360107911783E+001   0.0000000000000000E+000   0.1950014428836003E+001   0.0000000000000000E+000
  0.5549991224623596E-008   0.9326659958718138E+000   0.1204817242097966E+001   0.0000000000000000E+000   0.1958296724588997E+001   0.0000000000000000E+000
  0.5490711788731259E-008   0.9337300424121739E+000   0.1207958568528400E+001   0.0000000000000000E+000   0.1962477171358087E+001   0.0000000000000000E+000
  0.5429809917765937E-008   0.9348033304354525E+000   0.1211106953196611E+001   0.0000000000000000E+000   0.1966756644014807E+001   0.0000000000000000E+000
  0.5367307823099004E-008   0.9358863908379418E+000   0.1214268226045803E+001   0.0000000000000000E+000   0.1971132654574374E+001   0.0000000000000000E+000
  0.5240208062817186E-008   0.9380525844367633E+000   0.1220567714560803E+001   0.0000000000000000E+000   0.1980031021036866E+001   0.0000000000000000E+000
  0.5175981877127031E-008   0.9391361953158563E+000   0.1223719680079292E+001   0.0000000000000000E+000   0.1984540894192681E+001   0.0000000000000000E+000
  0.5111047685986151E-008   0.9402308879063628E+000   0.1226913600771240E+001   0.0000000000000000E+000   0.1989126529485996E+001   0.0000000000000000E+000
  0.5078365675126565E-008   0.9407825127575860E+000   0.1228529237564083E+001   0.0000000000000000E+000   0.1991446160375308E+001   0.0000000000000000E+000
  0.5045505328544088E-008   0.9413370568789126E+000   0.1230159193522826E+001   0.0000000000000000E+000   0.1993782767844139E+001   0.0000000000000000E+000
  0.4981182425613167E-008   0.9424235159199196E+000   0.1233375359246414E+001   0.0000000000000000E+000   0.1998369721829792E+001   0.0000000000000000E+000
  0.4854449821864248E-008   0.9446313704312097E+000   0.1240041655721686E+001   0.0000000000000000E+000   0.2007694558146722E+001   0.0000000000000000E+000
  0.4792448208586417E-008   0.9457527151518961E+000   0.1243517540317252E+001   0.0000000000000000E+000   0.2012419249603374E+001   0.0000000000000000E+000
  0.4732959274735199E-008   0.9468538899665612E+000   0.1247008966625046E+001   0.0000000000000000E+000   0.2017033796335058E+001   0.0000000000000000E+000
  0.4675248299801709E-008   0.9479661934968135E+000   0.1250632318428529E+001   0.0000000000000000E+000   0.2021657838520375E+001   0.0000000000000000E+000
  0.4619932544243693E-008   0.9490893924423109E+000   0.1254409654339380E+001   0.0000000000000000E+000   0.2026275799188769E+001   0.0000000000000000E+000
  0.4567714875531199E-008   0.9502230625853048E+000   0.1258364289839004E+001   0.0000000000000000E+000   0.2030870770956066E+001   0.0000000000000000E+000
  0.4520460101234822E-008   0.9513342630346359E+000   0.1262396854305317E+001   0.0000000000000000E+000   0.2035298808782811E+001   0.0000000000000000E+000
  0.4476989374616809E-008   0.9524540525504471E+000   0.1266626657193409E+001   0.0000000000000000E+000   0.2039680180556278E+001   0.0000000000000000E+000
  0.4437232398728968E-008   0.9535816201672016E+000   0.1271048227362308E+001   0.0000000000000000E+000   0.2044017333473673E+001   0.0000000000000000E+000
  0.4400318510133144E-008   0.9547162347301470E+000   0.1275631335110312E+001   0.0000000000000000E+000   0.2048336359605103E+001   0.0000000000000000E+000
  0.4365561807998498E-008   0.9558252222445467E+000   0.1280187253332901E+001   0.0000000000000000E+000   0.2052554738168746E+001   0.0000000000000000E+000
  0.4329727135487888E-008   0.9569405290518890E+000   0.1284783310425053E+001   0.0000000000000000E+000   0.2056833293517633E+001   0.0000000000000000E+000
  0.4310916263332776E-008   0.9575007581878636E+000   0.1287079307285210E+001   0.0000000000000000E+000   0.2059012668619727E+001   0.0000000000000000E+000
  0.4291457007923337E-008   0.9580628202014948E+000   0.1289365009293709E+001   0.0000000000000000E+000   0.2061223890167482E+001   0.0000000000000000E+000
  0.4249187759791352E-008   0.9591928868744829E+000   0.1293884919936431E+001   0.0000000000000000E+000   0.2065753297170008E+001   0.0000000000000000E+000
  0.4202384363648865E-008   0.9603000717208384E+000   0.1298211160149922E+001   0.0000000000000000E+000   0.2070300835216283E+001   0.0000000000000000E+000
  0.4177303114188147E-008   0.9608575305435096E+000   0.1300351230877555E+001   0.0000000000000000E+000   0.2072629789480894E+001   0.0000000000000000E+000
  0.4151425913611699E-008   0.9614177474039376E+000   0.1302476065510486E+001   0.0000000000000000E+000   0.2074995437943389E+001   0.0000000000000000E+000
  0.4096248166050996E-008   0.9625470271849764E+000   0.1306686514353008E+001   0.0000000000000000E+000   0.2079835008671107E+001   0.0000000000000000E+000
  0.4035776594426990E-008   0.9636896980325999E+000   0.1310861135688822E+001   0.0000000000000000E+000   0.2084814839316219E+001   0.0000000000000000E+000
  0.4005939126586779E-008   0.9642348282310956E+000   0.1312829097791744E+001   0.0000000000000000E+000   0.2087215230707808E+001   0.0000000000000000E+000
  0.3976188122303107E-008   0.9647725280209146E+000   0.1314757302852851E+001   0.0000000000000000E+000   0.2089596856202575E+001   0.0000000000000000E+000
  0.3915237499610389E-008   0.9658463256794104E+000   0.1318575856069678E+001   0.0000000000000000E+000   0.2094389980504199E+001   0.0000000000000000E+000
  0.3851289079412257E-008   0.9669329308815016E+000   0.1322407677012569E+001   0.0000000000000000E+000   0.2099281650073858E+001   0.0000000000000000E+000
  0.3818502553158081E-008   0.9674822001067861E+000   0.1324336179186651E+001   0.0000000000000000E+000   0.2101767112887551E+001   0.0000000000000000E+000
  0.3785345889377573E-008   0.9680356011944261E+000   0.1326275674307645E+001   0.0000000000000000E+000   0.2104278767251546E+001   0.0000000000000000E+000
  0.3719459248708935E-008   0.9691233292314391E+000   0.1330083312139333E+001   0.0000000000000000E+000   0.2109234062082782E+001   0.0000000000000000E+000
  0.3685836064001533E-008   0.9696736109966372E+000   0.1332009690635606E+001   0.0000000000000000E+000   0.2111748495638037E+001   0.0000000000000000E+000
  0.3651975714328435E-008   0.9702270081260033E+000   0.1333948904114232E+001   0.0000000000000000E+000   0.2114281219824014E+001   0.0000000000000000E+000
  0.3583271518406561E-008   0.9713475201800028E+000   0.1337886685208612E+001   0.0000000000000000E+000   0.2119419007127599E+001   0.0000000000000000E+000
  0.3548460153982956E-008   0.9719149404602168E+000   0.1339888804441119E+001   0.0000000000000000E+000   0.2122024104151206E+001   0.0000000000000000E+000
  0.3479243682614596E-008   0.9730466249523675E+000   0.1343904675271918E+001   0.0000000000000000E+000   0.2127223051216783E+001   0.0000000000000000E+000
  0.3410438207549957E-008   0.9741800457862766E+000   0.1347964685428879E+001   0.0000000000000000E+000   0.2132429879431220E+001   0.0000000000000000E+000
  0.3341391206153797E-008   0.9753339448662270E+000   0.1352144879188999E+001   0.0000000000000000E+000   0.2137725524012750E+001   0.0000000000000000E+000
  0.3306644290964267E-008   0.9759188379575829E+000   0.1354284663674372E+001   0.0000000000000000E+000   0.2140406084786725E+001   0.0000000000000000E+000
  0.3246191261042814E-008   0.9769476777451527E+000   0.1358088380281891E+001   0.0000000000000000E+000   0.2145112235482099E+001   0.0000000000000000E+000
  0.3195554828732550E-008   0.9778295451434598E+000   0.1361393457800635E+001   0.0000000000000000E+000   0.2149134659660205E+001   0.0000000000000000E+000
  0.3154020308413263E-008   0.9785654015613323E+000   0.1364185962857848E+001   0.0000000000000000E+000   0.2152481254793402E+001   0.0000000000000000E+000
  0.3121100333523459E-008   0.9791587322794796E+000   0.1366462541862765E+001   0.0000000000000000E+000   0.2155172051941472E+001   0.0000000000000000E+000
  0.3096417509008354E-008   0.9796073660469093E+000   0.1368199805204466E+001   0.0000000000000000E+000   0.2157201526446034E+001   0.0000000000000000E+000
  0.3055447718590337E-008   0.9803621725555731E+000   0.1371156030101248E+001   0.0000000000000000E+000   0.2160604640501126E+001   0.0000000000000000E+000
  0.3007537502897543E-008   0.9812765705466969E+000   0.1374797933243228E+001   0.0000000000000000E+000   0.2164705837606361E+001   0.0000000000000000E+000
  0.2961415998414611E-008   0.9821932288721698E+000   0.1378521913992165E+001   0.0000000000000000E+000   0.2168790449433674E+001   0.0000000000000000E+000
  0.2918121986790195E-008   0.9831042702841926E+000   0.1382303345126935E+001   0.0000000000000000E+000   0.2172820069392646E+001   0.0000000000000000E+000
  0.2890363609505430E-008   0.9837143260608583E+000   0.1384884761403524E+001   0.0000000000000000E+000   0.2175499682431191E+001   0.0000000000000000E+000
  0.2863785432997662E-008   0.9843294412071197E+000   0.1387531524695266E+001   0.0000000000000000E+000   0.2178184608344663E+001   0.0000000000000000E+000
  0.2850938486498462E-008   0.9846387966376654E+000   0.1388880562477520E+001   0.0000000000000000E+000   0.2179528029943443E+001   0.0000000000000000E+000
  0.2838092448800438E-008   0.9849493529021777E+000   0.1390247672452267E+001   0.0000000000000000E+000   0.2180871607976199E+001   0.0000000000000000E+000
  0.2813681672375462E-008   0.9855696693474318E+000   0.1393019517985513E+001   0.0000000000000000E+000   0.2183538722867827E+001   0.0000000000000000E+000
  0.2791618661250856E-008   0.9861943060202707E+000   0.1395871144587573E+001   0.0000000000000000E+000   0.2186200563938035E+001   0.0000000000000000E+000
  0.2771886213922418E-008   0.9868178959724484E+000   0.1398785843693032E+001   0.0000000000000000E+000   0.2188831704801126E+001   0.0000000000000000E+000
  0.2756423640456461E-008   0.9874267282096759E+000   0.1401706444664425E+001   0.0000000000000000E+000   0.2191373089886958E+001   0.0000000000000000E+000
  0.2749388592028707E-008   0.9877320114963899E+000   0.1403202392147970E+001   0.0000000000000000E+000   0.2192636267989265E+001   0.0000000000000000E+000
  0.2738736655730996E-008   0.9883414619258883E+000   0.1406261087739313E+001   0.0000000000000000E+000   0.2195132732673381E+001   0.0000000000000000E+000
  0.2735677064333579E-008   0.9886450765385104E+000   0.1407826081915154E+001   0.0000000000000000E+000   0.2196363016125938E+001   0.0000000000000000E+000
  0.2733589337793929E-008   0.9889488159209463E+000   0.1409423422751562E+001   0.0000000000000000E+000   0.2197584005158089E+001   0.0000000000000000E+000
  0.2733226856212626E-008   0.9892524987694663E+000   0.1411056048880915E+001   0.0000000000000000E+000   0.2198794027036203E+001   0.0000000000000000E+000
  0.2739019554263785E-008   0.9898559894490263E+000   0.1414429711491116E+001   0.0000000000000000E+000   0.2201162495161509E+001   0.0000000000000000E+000
  0.2747915178877895E-008   0.9901546652052027E+000   0.1416181367305607E+001   0.0000000000000000E+000   0.2202315036484813E+001   0.0000000000000000E+000
  0.2759614705909372E-008   0.9904521288609518E+000   0.1417996725871311E+001   0.0000000000000000E+000   0.2203448012787957E+001   0.0000000000000000E+000
  0.2775336298347166E-008   0.9907442799697239E+000   0.1419866922610550E+001   0.0000000000000000E+000   0.2204543376295385E+001   0.0000000000000000E+000
  0.2817051434084659E-008   0.9911783740269072E+000   0.1422878754276677E+001   0.0000000000000000E+000   0.2206132525782983E+001   0.0000000000000000E+000
  0.2848894887131705E-008   0.9913921423224645E+000   0.1424522266528243E+001   0.0000000000000000E+000   0.2206893948949226E+001   0.0000000000000000E+000
  0.2891874909340060E-008   0.9916031627593850E+000   0.1426311435867532E+001   0.0000000000000000E+000   0.2207626973012074E+001   0.0000000000000000E+000
  0.2929685443333516E-008   0.9917401046621932E+000   0.1427604179782448E+001   0.0000000000000000E+000   0.2208089740800816E+001   0.0000000000000000E+000
  0.2977850573235269E-008   0.9918750510084768E+000   0.1429025856313295E+001   0.0000000000000000E+000   0.2208532548069542E+001   0.0000000000000000E+000
  0.3041697200970821E-008   0.9920074767446203E+000   0.1430618030196482E+001   0.0000000000000000E+000   0.2208950072820794E+001   0.0000000000000000E+000
  0.3127164642821978E-008   0.9921367061876127E+000   0.1432399108827661E+001   0.0000000000000000E+000   0.2209335400275882E+001   0.0000000000000000E+000
  0.3176353936493366E-008   0.9921998646257904E+000   0.1433328900296409E+001   0.0000000000000000E+000   0.2209513742109892E+001   0.0000000000000000E+000
  0.3225891499289118E-008   0.9922620328423801E+000   0.1434229503032728E+001   0.0000000000000000E+000   0.2209682149470324E+001   0.0000000000000000E+000
  0.3271635693366385E-008   0.9923232699148294E+000   0.1435051052491066E+001   0.0000000000000000E+000   0.2209841174683613E+001   0.0000000000000000E+000
  0.3310459032205059E-008   0.9923837094718886E+000   0.1435762104242806E+001   0.0000000000000000E+000   0.2209992022720931E+001   0.0000000000000000E+000
  0.3341968808506688E-008   0.9924435388731643E+000   0.1436367995084898E+001   0.0000000000000000E+000   0.2210136151789182E+001   0.0000000000000000E+000
  0.3367139107832011E-008   0.9925028587309801E+000   0.1436887064791087E+001   0.0000000000000000E+000   0.2210274680526943E+001   0.0000000000000000E+000
  0.3387147391774596E-008   0.9925617775373489E+000   0.1437337455733676E+001   0.0000000000000000E+000   0.2210408567042226E+001   0.0000000000000000E+000
  0.3402523375525949E-008   0.9926203817357137E+000   0.1437732973035695E+001   0.0000000000000000E+000   0.2210538554897348E+001   0.0000000000000000E+000
  0.3408770215602716E-008   0.9926491046988795E+000   0.1437910578978773E+001   0.0000000000000000E+000   0.2210601224225308E+001   0.0000000000000000E+000
  0.3414347651458336E-008   0.9926777758888281E+000   0.1438078526584469E+001   0.0000000000000000E+000   0.2210663151418015E+001   0.0000000000000000E+000
  0.3419177208469576E-008   0.9927064018284119E+000   0.1438237709370364E+001   0.0000000000000000E+000   0.2210724388131934E+001   0.0000000000000000E+000
  0.3423415536861994E-008   0.9927349885220935E+000   0.1438388887225973E+001   0.0000000000000000E+000   0.2210784981043245E+001   0.0000000000000000E+000
  0.3430094762791268E-008   0.9927920606147991E+000   0.1438669751205216E+001   0.0000000000000000E+000   0.2210904389612380E+001   0.0000000000000000E+000
  0.3434333725530676E-008   0.9928490373692302E+000   0.1438925263870956E+001   0.0000000000000000E+000   0.2211021677513577E+001   0.0000000000000000E+000
  0.3436677512015952E-008   0.9929059538476003E+000   0.1439158719271954E+001   0.0000000000000000E+000   0.2211137086272938E+001   0.0000000000000000E+000
  0.3436993701399377E-008   0.9929628411643314E+000   0.1439372892394032E+001   0.0000000000000000E+000   0.2211250809685761E+001   0.0000000000000000E+000
  0.3436228969755064E-008   0.9930197272213286E+000   0.1439570197364280E+001   0.0000000000000000E+000   0.2211363021572907E+001   0.0000000000000000E+000
  0.3430237942287960E-008   0.9931335708541095E+000   0.1439921843588619E+001   0.0000000000000000E+000   0.2211583435355055E+001   0.0000000000000000E+000
  0.3418868385437174E-008   0.9932476830996861E+000   0.1440225582185259E+001   0.0000000000000000E+000   0.2211799244969204E+001   0.0000000000000000E+000
  0.3407742706760697E-008   0.9933330090795296E+000   0.1440426222554229E+001   0.0000000000000000E+000   0.2211957510743364E+001   0.0000000000000000E+000
  0.3394965699331758E-008   0.9934175536070925E+000   0.1440606293587465E+001   0.0000000000000000E+000   0.2212111857618250E+001   0.0000000000000000E+000
  0.3375436418362431E-008   0.9935307907058116E+000   0.1440822834353363E+001   0.0000000000000000E+000   0.2212314911912067E+001   0.0000000000000000E+000
  0.3341405607455991E-008   0.9937019347728957E+000   0.1441106576513625E+001   0.0000000000000000E+000   0.2212614161955111E+001   0.0000000000000000E+000
  0.3288523466564362E-008   0.9939323751834407E+000   0.1441425573696892E+001   0.0000000000000000E+000   0.2213003077831922E+001   0.0000000000000000E+000
  0.3237336848061942E-008   0.9941351871356393E+000   0.1441663369468580E+001   0.0000000000000000E+000   0.2213332316849735E+001   0.0000000000000000E+000
  0.3183228532236197E-008   0.9943393136456680E+000   0.1441875554320606E+001   0.0000000000000000E+000   0.2213651421449637E+001   0.0000000000000000E+000
  0.3118207004729421E-008   0.9945769047379969E+000   0.1442100435399735E+001   0.0000000000000000E+000   0.2214007240827106E+001   0.0000000000000000E+000
  0.3051443053063705E-008   0.9948163641820965E+000   0.1442311747992735E+001   0.0000000000000000E+000   0.2214348601514392E+001   0.0000000000000000E+000
  0.3000692009765079E-008   0.9949970097457793E+000   0.1442464526387618E+001   0.0000000000000000E+000   0.2214594411465280E+001   0.0000000000000000E+000
  0.2949206980783332E-008   0.9951797945336880E+000   0.1442615256335896E+001   0.0000000000000000E+000   0.2214832637588915E+001   0.0000000000000000E+000
  0.2897806343186380E-008   0.9953621066215506E+000   0.1442761086152275E+001   0.0000000000000000E+000   0.2215059460520394E+001   0.0000000000000000E+000
  0.2813459530199744E-008   0.9956643990450988E+000   0.1442987539483727E+001   0.0000000000000000E+000   0.2215411396444831E+001   0.0000000000000000E+000
  0.2741537329023628E-008   0.9959030133121459E+000   0.1443150894981307E+001   0.0000000000000000E+000   0.2215666593713467E+001   0.0000000000000000E+000
  0.2705151803766146E-008   0.9960248271611293E+000   0.1443232669255386E+001   0.0000000000000000E+000   0.2215788649659537E+001   0.0000000000000000E+000
  0.2652979225923141E-008   0.9962104639672776E+000   0.1443362716429700E+001   0.0000000000000000E+000   0.2215963823366051E+001   0.0000000000000000E+000
  0.2601320373892545E-008   0.9963947147096741E+000   0.1443495193181588E+001   0.0000000000000000E+000   0.2216124389914659E+001   0.0000000000000000E+000
  0.2506837265408970E-008   0.9967338997557016E+000   0.1443735321988253E+001   0.0000000000000000E+000   0.2216383244541926E+001   0.0000000000000000E+000
  0.2447321230112719E-008   0.9969424802217832E+000   0.1443873977824601E+001   0.0000000000000000E+000   0.2216517328760843E+001   0.0000000000000000E+000
  0.2422315625119020E-008   0.9970288144682310E+000   0.1443927276447387E+001   0.0000000000000000E+000   0.2216566924629376E+001   0.0000000000000000E+000
  0.2370358670946945E-008   0.9972037607796413E+000   0.1444028535315162E+001   0.0000000000000000E+000   0.2216656416310857E+001   0.0000000000000000E+000
  0.2292535779949709E-008   0.9974645065334051E+000   0.1444173203287632E+001   0.0000000000000000E+000   0.2216761174111406E+001   0.0000000000000000E+000
  0.2234452013687236E-008   0.9976615973448950E+000   0.1444279429262428E+001   0.0000000000000000E+000   0.2216816516637033E+001   0.0000000000000000E+000
  0.2202020033359834E-008   0.9977706037415721E+000   0.1444337456388946E+001   0.0000000000000000E+000   0.2216837909521534E+001   0.0000000000000000E+000
  0.2159657270601788E-008   0.9979133582994342E+000   0.1444413289928334E+001   0.0000000000000000E+000   0.2216855592921824E+001   0.0000000000000000E+000
  0.2106261959564587E-008   0.9980949388756387E+000   0.1444509358728816E+001   0.0000000000000000E+000   0.2216860556071576E+001   0.0000000000000000E+000
  0.2065421011567921E-008   0.9982343640846002E+000   0.1444582298610246E+001   0.0000000000000000E+000   0.2216850545124695E+001   0.0000000000000000E+000
  0.2030250293327591E-008   0.9983526298916187E+000   0.1444643035752922E+001   0.0000000000000000E+000   0.2216832277950778E+001   0.0000000000000000E+000
  0.1988958635998032E-008   0.9984903515370931E+000   0.1444712529749874E+001   0.0000000000000000E+000   0.2216799291506431E+001   0.0000000000000000E+000
  0.1912220146075205E-008   0.9987461474259868E+000   0.1444841374795523E+001   0.0000000000000000E+000   0.2216703123027077E+001   0.0000000000000000E+000
  0.1854079565338286E-008   0.9989396324723754E+000   0.1444940708054887E+001   0.0000000000000000E+000   0.2216598725105388E+001   0.0000000000000000E+000
  0.1801235137584341E-008   0.9991160039389857E+000   0.1445033252993564E+001   0.0000000000000000E+000   0.2216478559380653E+001   0.0000000000000000E+000
  0.1762616639356374E-008   0.9992421451632042E+000   0.1445100505353203E+001   0.0000000000000000E+000   0.2216377383005003E+001   0.0000000000000000E+000
  0.1712007385194246E-008   0.9994042384722249E+000   0.1445190007368456E+001   0.0000000000000000E+000   0.2216227976490151E+001   0.0000000000000000E+000
  0.1657203064312272E-008   0.9995825804176608E+000   0.1445297050349696E+001   0.0000000000000000E+000   0.2216037434043852E+001   0.0000000000000000E+000
  0.1631876338762615E-008   0.9996695481969667E+000   0.1445353295217219E+001   0.0000000000000000E+000   0.2215934254395390E+001   0.0000000000000000E+000
  0.1589393142215292E-008   0.9998215190676681E+000   0.1445457861304326E+001   0.0000000000000000E+000   0.2215737293525679E+001   0.0000000000000000E+000
  0.1562476606289234E-008   0.9999172002541067E+000   0.1445527444693029E+001   0.0000000000000000E+000   0.2215602118007843E+001   0.0000000000000000E+000
  0.1551615874833812E-008   0.9999563001143180E+000   0.1445556727246834E+001   0.0000000000000000E+000   0.2215544337196455E+001   0.0000000000000000E+000
  0.1547266720197019E-008   0.9999721126170174E+000   0.1445568713622069E+001   0.0000000000000000E+000   0.2215520546177069E+001   0.0000000000000000E+000
  0.1544134232509337E-008   0.9999835106394414E+000   0.1445577405417647E+001   0.0000000000000000E+000   0.2215503244928607E+001   0.0000000000000000E+000
  0.1542328300588988E-008   0.9999900873565509E+000   0.1445582440098156E+001   0.0000000000000000E+000   0.2215493203881999E+001   0.0000000000000000E+000
  0.1541478516971723E-008   0.9999931835325893E+000   0.1445584815245122E+001   0.0000000000000000E+000   0.2215488462021387E+001   0.0000000000000000E+000
  0.1540538181943397E-008   0.9999966107000543E+000   0.1445587447993066E+001   0.0000000000000000E+000   0.2215483202215796E+001   0.0000000000000000E+000
  0.1540123327884297E-008   0.9999981230355062E+000   0.1445588611003158E+001   0.0000000000000000E+000   0.2215480877490463E+001   0.0000000000000000E+000
  0.1539947571212897E-008   0.9999987638205392E+000   0.1445589104005408E+001   0.0000000000000000E+000   0.2215479891810195E+001   0.0000000000000000E+000
  0.1539812661529580E-008   0.9999992557103992E+000   0.1445589482544094E+001   0.0000000000000000E+000   0.2215479134891137E+001   0.0000000000000000E+000
  0.1539728187449541E-008   0.9999995637202972E+000   0.1445589719616952E+001   0.0000000000000000E+000   0.2215478660804506E+001   0.0000000000000000E+000
  0.1539685036272579E-008   0.9999997210619503E+000   0.1445589840733746E+001   0.0000000000000000E+000   0.2215478418589202E+001   0.0000000000000000E+000
  0.1539658842516150E-008   0.9999998165731361E+000   0.1445589914259338E+001   0.0000000000000000E+000   0.2215478271545192E+001   0.0000000000000000E+000
  0.1539646160795777E-008   0.9999998628152498E+000   0.1445589949858127E+001   0.0000000000000000E+000   0.2215478200350023E+001   0.0000000000000000E+000
  0.1539632136451723E-008   0.9999999139532927E+000   0.1445589989226798E+001   0.0000000000000000E+000   0.2215478121614536E+001   0.0000000000000000E+000
  0.1539621528931647E-008   0.9999999526324727E+000   0.1445590019004576E+001   0.0000000000000000E+000   0.2215478062059816E+001   0.0000000000000000E+000
  0.1539615986798805E-008   0.9999999728413161E+000   0.1445590034562872E+001   0.0000000000000000E+000   0.2215478030943471E+001   0.0000000000000000E+000
  0.1539613439846280E-008   0.9999999821285430E+000   0.1445590041712927E+001   0.0000000000000000E+000   0.2215478016643429E+001   0.0000000000000000E+000
  0.1539611382690969E-008   0.9999999896297780E+000   0.1445590047488002E+001   0.0000000000000000E+000   0.2215478005093312E+001   0.0000000000000000E+000
  0.1539610207173070E-008   0.9999999939162016E+000   0.1445590050788056E+001   0.0000000000000000E+000   0.2215477998493216E+001   0.0000000000000000E+000
  0.1539609658189756E-008   0.9999999959180244E+000   0.1445590052329232E+001   0.0000000000000000E+000   0.2215477995410868E+001   0.0000000000000000E+000
  0.1539609109206364E-008   0.9999999979198435E+000   0.1445590053870406E+001   0.0000000000000000E+000   0.2215477992328521E+001   0.0000000000000000E+000
  0.1539608745938484E-008   0.9999999992444657E+000   0.1445590054890216E+001   0.0000000000000000E+000   0.2215477990288902E+001   0.0000000000000000E+000
  0.1539608603080334E-008   0.9999999997653893E+000   0.1445590055291268E+001   0.0000000000000000E+000   0.2215477989486796E+001   0.0000000000000000E+000
  0.1539608554865689E-008   0.9999999999412025E+000   0.1445590055426625E+001   0.0000000000000000E+000   0.2215477989216084E+001   0.0000000000000000E+000
  0.1539608541855395E-008   0.9999999999886421E+000   0.1445590055463148E+001   0.0000000000000000E+000   0.2215477989143037E+001   0.0000000000000000E+000
