                                                                                                                                                                                                                                                                
                        1                         2                         3                         4
                        l                      n_pg                 Re(omega)                 Im(omega)
                        2                        -1   0.1585080553086377E+001   0.0000000000000000E+000
                        1                         2                         3                         4                         5                         6
                      rho                         x                  Re(xi_h)                  Im(xi_h)                  Re(xi_r)                  Im(xi_r)
  0.4315196615838821E-005   0.5000000000000000E-001  -0.5435826243391457E-004   0.0000000000000000E+000  -0.1028876004487603E-021   0.0000000000000000E+000
  0.4284530492470438E-005   0.5011676473564231E-001   0.3538039279499314E-004   0.0000000000000000E+000  -0.2514076456878145E-006   0.0000000000000000E+000
  0.3932043502280075E-005   0.5169102437218658E-001   0.2920483458776392E-003   0.0000000000000000E+000   0.5810831729765455E-004   0.0000000000000000E+000
  0.3815218018626315E-005   0.5253619447392825E-001   0.2811848619843589E-004   0.0000000000000000E+000   0.7133737505855432E-004   0.0000000000000000E+000
  0.3709767965917525E-005   0.5337690746757043E-001  -0.5906429233697889E-004   0.0000000000000000E+000   0.6736413074293243E-004   0.0000000000000000E+000
  0.3620735733645485E-005   0.5416287919785381E-001  -0.4283323735926384E-004   0.0000000000000000E+000   0.6133983002947793E-004   0.0000000000000000E+000
  0.3547867465232072E-005   0.5494242803448363E-001  -0.9293658470748664E-005   0.0000000000000000E+000   0.5797162934211612E-004   0.0000000000000000E+000
  0.3472686265912020E-005   0.5571629361123732E-001   0.1313182007940673E-004   0.0000000000000000E+000   0.5712175460916904E-004   0.0000000000000000E+000
  0.3396784532599128E-005   0.5648566925036116E-001   0.2036435231419180E-004   0.0000000000000000E+000   0.5741054374068357E-004   0.0000000000000000E+000
  0.3309240962193584E-005   0.5740291258290349E-001   0.2600153800131041E-004   0.0000000000000000E+000   0.5821748124856488E-004   0.0000000000000000E+000
  0.3229242784100223E-005   0.5831424259740067E-001   0.4005987509599233E-004   0.0000000000000000E+000   0.5982043763711484E-004   0.0000000000000000E+000
  0.3154712966429485E-005   0.5931805766861036E-001   0.6017246510938976E-004   0.0000000000000000E+000   0.6334110684228077E-004   0.0000000000000000E+000
  0.3079552887577528E-005   0.6031008885552592E-001   0.7125496533093589E-004   0.0000000000000000E+000   0.6840101642012380E-004   0.0000000000000000E+000
  0.2979891502456223E-005   0.6129715908787866E-001   0.7669174095185493E-004   0.0000000000000000E+000   0.7381852810264465E-004   0.0000000000000000E+000
  0.2906087601103825E-005   0.6228675558310664E-001   0.1110697205391497E-003   0.0000000000000000E+000   0.8062501594475148E-004   0.0000000000000000E+000
  0.2877132808967251E-005   0.6287230655613055E-001   0.1540158277417744E-003   0.0000000000000000E+000   0.8690149032245863E-004   0.0000000000000000E+000
  0.2841697107339846E-005   0.6345375848753011E-001   0.1955831084010432E-003   0.0000000000000000E+000   0.9551730101903479E-004   0.0000000000000000E+000
  0.2764625970030802E-005   0.6460832549970935E-001   0.2343602325782230E-003   0.0000000000000000E+000   0.1167127406848021E-003   0.0000000000000000E+000
  0.2701192867057430E-005   0.6556314098622458E-001   0.2438922457300756E-003   0.0000000000000000E+000   0.1357326422907343E-003   0.0000000000000000E+000
  0.2639838598999939E-005   0.6651236342581614E-001   0.2466163974121551E-003   0.0000000000000000E+000   0.1546294935975019E-003   0.0000000000000000E+000
  0.2581222327273596E-005   0.6745614307367964E-001   0.2491912886819592E-003   0.0000000000000000E+000   0.1731835016280863E-003   0.0000000000000000E+000
  0.2525026737537709E-005   0.6839456116525081E-001   0.2524177307194734E-003   0.0000000000000000E+000   0.1914428623953268E-003   0.0000000000000000E+000
  0.2460834000702427E-005   0.6951209517504016E-001   0.2570327077052682E-003   0.0000000000000000E+000   0.2130145266035074E-003   0.0000000000000000E+000
  0.2399939147954698E-005   0.7062217977890115E-001   0.2623620868998748E-003   0.0000000000000000E+000   0.2343271919958934E-003   0.0000000000000000E+000
  0.2337279600534104E-005   0.7181568190307831E-001   0.2688291760855819E-003   0.0000000000000000E+000   0.2571851224516871E-003   0.0000000000000000E+000
  0.2278427287510636E-005   0.7300077266369798E-001   0.2759241212637283E-003   0.0000000000000000E+000   0.2798868756230127E-003   0.0000000000000000E+000
  0.2250087752912342E-005   0.7359007089120663E-001   0.2796787189896373E-003   0.0000000000000000E+000   0.2911941608104395E-003   0.0000000000000000E+000
  0.2222096501087104E-005   0.7417732775682766E-001   0.2835586956348458E-003   0.0000000000000000E+000   0.3024821479832332E-003   0.0000000000000000E+000
  0.2168163565359815E-005   0.7534606379100194E-001   0.2916626548927409E-003   0.0000000000000000E+000   0.3250252883376452E-003   0.0000000000000000E+000
  0.2121179394148878E-005   0.7641650606179630E-001   0.2994939871957877E-003   0.0000000000000000E+000   0.3457873553766677E-003   0.0000000000000000E+000
  0.2075830336526581E-005   0.7748031686409472E-001   0.3076255896161580E-003   0.0000000000000000E+000   0.3665514116397702E-003   0.0000000000000000E+000
  0.2012042575258920E-005   0.7906289070118547E-001   0.3202977047078882E-003   0.0000000000000000E+000   0.3977177011097440E-003   0.0000000000000000E+000
  0.1981766773030806E-005   0.7984851874284990E-001   0.3268144549590538E-003   0.0000000000000000E+000   0.4133239592346602E-003   0.0000000000000000E+000
  0.1952198995835139E-005   0.8063062759411783E-001   0.3433440360248133E-003   0.0000000000000000E+000   0.4290985512010278E-003   0.0000000000000000E+000
  0.1917044450228101E-005   0.8166653757424071E-001   0.4900415521874342E-003   0.0000000000000000E+000   0.4543593982908210E-003   0.0000000000000000E+000
  0.1893180625800220E-005   0.8269273437552015E-001   0.1116108230138751E-002   0.0000000000000000E+000   0.5046885377980244E-003   0.0000000000000000E+000
  0.1889099267257767E-005   0.8370176898494847E-001   0.2707655664645378E-002   0.0000000000000000E+000   0.6303067169730284E-003   0.0000000000000000E+000
  0.1893138560688374E-005   0.8468614302314914E-001   0.5478684824520302E-002   0.0000000000000000E+000   0.9032446483847132E-003   0.0000000000000000E+000
  0.1892679767843701E-005   0.8508811203049646E-001   0.6806935567140657E-002   0.0000000000000000E+000   0.1075338454388938E-002   0.0000000000000000E+000
  0.1886177035439222E-005   0.8548705242205570E-001   0.7629706093968654E-002   0.0000000000000000E+000   0.1275934822323130E-002   0.0000000000000000E+000
  0.1863189218503380E-005   0.8628014223469674E-001   0.8188832548587061E-002   0.0000000000000000E+000   0.1709653760753302E-002   0.0000000000000000E+000
  0.1810382754142631E-005   0.8785616464646513E-001   0.8419622571306955E-002   0.0000000000000000E+000   0.2595361122783600E-002   0.0000000000000000E+000
  0.1770462043160020E-005   0.8908758463076834E-001   0.8432720742498741E-002   0.0000000000000000E+000   0.3278752388950223E-002   0.0000000000000000E+000
  0.1732104136930495E-005   0.9031230727023716E-001   0.8451717975296993E-002   0.0000000000000000E+000   0.3946207349289455E-002   0.0000000000000000E+000
  0.1695382764200686E-005   0.9153045540096236E-001   0.8492266044558416E-002   0.0000000000000000E+000   0.4599786088883138E-002   0.0000000000000000E+000
  0.1659761299412790E-005   0.9274214880195104E-001   0.8552050181361473E-002   0.0000000000000000E+000   0.5241610546135858E-002   0.0000000000000000E+000
  0.1594420174719499E-005   0.9510623600926939E-001   0.8718335484558510E-002   0.0000000000000000E+000   0.6476157051015812E-002   0.0000000000000000E+000
  0.1564921955475690E-005   0.9623997217711684E-001   0.8818922127358632E-002   0.0000000000000000E+000   0.7062335857277065E-002   0.0000000000000000E+000
  0.1536092376478709E-005   0.9736828056306771E-001   0.8931083951903406E-002   0.0000000000000000E+000   0.7643261752388677E-002   0.0000000000000000E+000
  0.1502900934948732E-005   0.9871344839088596E-001   0.9079313881580947E-002   0.0000000000000000E+000   0.8333815234829740E-002   0.0000000000000000E+000
  0.1471148418920774E-005   0.1000511032250253E+000   0.9241136955294799E-002   0.0000000000000000E+000   0.9019504256801723E-002   0.0000000000000000E+000
  0.1440712837499240E-005   0.1013794721051292E+000   0.9414929855788668E-002   0.0000000000000000E+000   0.9700518717982410E-002   0.0000000000000000E+000
  0.1411479392173204E-005   0.1027006415419810E+000   0.9599727009751508E-002   0.0000000000000000E+000   0.1037885963852500E-001   0.0000000000000000E+000
  0.1383375883179598E-005   0.1040147514812005E+000   0.9794479934614360E-002   0.0000000000000000E+000   0.1105539053960553E-001   0.0000000000000000E+000
  0.1356377393533186E-005   0.1053219381255795E+000   0.9998263027659960E-002   0.0000000000000000E+000   0.1173085402379652E-001   0.0000000000000000E+000
  0.1333281031434889E-005   0.1064758848020478E+000   0.1018594289034868E-001   0.0000000000000000E+000   0.1232969642684919E-001   0.0000000000000000E+000
  0.1310812046672143E-005   0.1076245777908003E+000   0.1037957722201481E-001   0.0000000000000000E+000   0.1292858951246935E-001   0.0000000000000000E+000
  0.1278484757877235E-005   0.1093356984396564E+000   0.1067978492295928E-001   0.0000000000000000E+000   0.1382655947043003E-001   0.0000000000000000E+000
  0.1247766552279650E-005   0.1110355124240890E+000   0.1099096043253575E-001   0.0000000000000000E+000   0.1472635259529567E-001   0.0000000000000000E+000
  0.1213692104927916E-005   0.1130015293765803E+000   0.1136568105218535E-001   0.0000000000000000E+000   0.1577774638414469E-001   0.0000000000000000E+000
  0.1181768965184017E-005   0.1149530042267417E+000   0.1175210137983424E-001   0.0000000000000000E+000   0.1683367086808561E-001   0.0000000000000000E+000
  0.1168584977358349E-005   0.1157830609601534E+000   0.1192056381590635E-001   0.0000000000000000E+000   0.1728673709090611E-001   0.0000000000000000E+000
  0.1155521333670811E-005   0.1166105651872527E+000   0.1209083121006004E-001   0.0000000000000000E+000   0.1774082834492966E-001   0.0000000000000000E+000
  0.1130279713943428E-005   0.1182583217443348E+000   0.1243648092895158E-001   0.0000000000000000E+000   0.1865241971421787E-001   0.0000000000000000E+000
  0.1112203192442229E-005   0.1194859624596875E+000   0.1269947224146211E-001   0.0000000000000000E+000   0.1933815733566106E-001   0.0000000000000000E+000
  0.1094486419709975E-005   0.1207081704810448E+000   0.1296572391436437E-001   0.0000000000000000E+000   0.2002657470255853E-001   0.0000000000000000E+000
  0.1060468247898358E-005   0.1231350087604142E+000   0.1350676568601411E-001   0.0000000000000000E+000   0.2141082616976197E-001   0.0000000000000000E+000
  0.1024094665649205E-005   0.1259354509300704E+000   0.1415019302877181E-001   0.0000000000000000E+000   0.2303755661350777E-001   0.0000000000000000E+000
  0.1006832486343106E-005   0.1273230656058355E+000   0.1447613543232771E-001   0.0000000000000000E+000   0.2385551485246303E-001   0.0000000000000000E+000
  0.9899456877009421E-006   0.1287041172989800E+000   0.1480499459789388E-001   0.0000000000000000E+000   0.2467755314232911E-001   0.0000000000000000E+000
  0.9680412197174964E-006   0.1305344704420228E+000   0.1524743142987958E-001   0.0000000000000000E+000   0.2577935143615919E-001   0.0000000000000000E+000
  0.9275403600406029E-006   0.1341538139144749E+000   0.1614315016284713E-001   0.0000000000000000E+000   0.2799979320422905E-001   0.0000000000000000E+000
  0.9085940321359324E-006   0.1359454874314149E+000   0.1659633857728868E-001   0.0000000000000000E+000   0.2911964782653712E-001   0.0000000000000000E+000
  0.8802272208180285E-006   0.1387359556917437E+000   0.1731433545816309E-001   0.0000000000000000E+000   0.3089120337160811E-001   0.0000000000000000E+000
  0.8655168251825282E-006   0.1402451098440370E+000   0.1770863708061458E-001   0.0000000000000000E+000   0.3186325146966994E-001   0.0000000000000000E+000
  0.8435691254600749E-006   0.1425555147152857E+000   0.1832011995828149E-001   0.0000000000000000E+000   0.3337037791799154E-001   0.0000000000000000E+000
  0.8216359111172599E-006   0.1449678567048053E+000   0.1896840492677086E-001   0.0000000000000000E+000   0.3496851610136033E-001   0.0000000000000000E+000
  0.7940671184695117E-006   0.1481580767485365E+000   0.1984056676461927E-001   0.0000000000000000E+000   0.3712040626617385E-001   0.0000000000000000E+000
  0.7724568637777375E-006   0.1508259764157196E+000   0.2058248997584004E-001   0.0000000000000000E+000   0.3895350828327255E-001   0.0000000000000000E+000
  0.7629706304180001E-006   0.1520295198382011E+000   0.2092084498135096E-001   0.0000000000000000E+000   0.3979043616301891E-001   0.0000000000000000E+000
  0.7535825032900160E-006   0.1532289359141539E+000   0.2126026624115052E-001   0.0000000000000000E+000   0.4063065411973860E-001   0.0000000000000000E+000
  0.7335817962612863E-006   0.1558511551354378E+000   0.2200991814888913E-001   0.0000000000000000E+000   0.4248894427716166E-001   0.0000000000000000E+000
  0.7098482613521061E-006   0.1591537436492700E+000   0.2296859719471739E-001   0.0000000000000000E+000   0.4487097223696471E-001   0.0000000000000000E+000
  0.6907398959400601E-006   0.1619514570891695E+000   0.2379313664322997E-001   0.0000000000000000E+000   0.4692497944736414E-001   0.0000000000000000E+000
  0.6726101818641100E-006   0.1647285610489696E+000   0.2462264018495123E-001   0.0000000000000000E+000   0.4899649029231893E-001   0.0000000000000000E+000
  0.6610436743792787E-006   0.1665640491087567E+000   0.2517686326289059E-001   0.0000000000000000E+000   0.5038341167579588E-001   0.0000000000000000E+000
  0.6497073091294922E-006   0.1683909562726868E+000   0.2573317004935115E-001   0.0000000000000000E+000   0.5177786169764887E-001   0.0000000000000000E+000
  0.6279964197086112E-006   0.1720089551247765E+000   0.2684846048899854E-001   0.0000000000000000E+000   0.5458052217229793E-001   0.0000000000000000E+000
  0.6031560364205368E-006   0.1764733360293103E+000   0.2824923102527434E-001   0.0000000000000000E+000   0.5811375126068356E-001   0.0000000000000000E+000
  0.5869359256482265E-006   0.1795556905653393E+000   0.2923209613704317E-001   0.0000000000000000E+000   0.6060131168132617E-001   0.0000000000000000E+000
  0.5714230680290986E-006   0.1826162570131882E+000   0.3022058212958169E-001   0.0000000000000000E+000   0.6311002754709351E-001   0.0000000000000000E+000
  0.5587736842392966E-006   0.1852112524500415E+000   0.3106847460023761E-001   0.0000000000000000E+000   0.6526727631998150E-001   0.0000000000000000E+000
  0.5465398416480339E-006   0.1877914812130910E+000   0.3192039174714709E-001   0.0000000000000000E+000   0.6743962599512081E-001   0.0000000000000000E+000
  0.5311089498405463E-006   0.1912036867740733E+000   0.3306045249246960E-001   0.0000000000000000E+000   0.7035426487102218E-001   0.0000000000000000E+000
  0.5237381492850386E-006   0.1928928286089258E+000   0.3363050276170788E-001   0.0000000000000000E+000   0.7181470242638495E-001   0.0000000000000000E+000
  0.5164482473112848E-006   0.1945760891617307E+000   0.3420230031132834E-001   0.0000000000000000E+000   0.7328164190633463E-001   0.0000000000000000E+000
  0.5025296401597907E-006   0.1979164779614380E+000   0.3534797740527384E-001   0.0000000000000000E+000   0.7622696006169472E-001   0.0000000000000000E+000
  0.4958418403771180E-006   0.1995730747965056E+000   0.3592160180757148E-001   0.0000000000000000E+000   0.7770449855668482E-001   0.0000000000000000E+000
  0.4828299432115880E-006   0.2028661780937060E+000   0.3707253549151739E-001   0.0000000000000000E+000   0.8067485332545915E-001   0.0000000000000000E+000
  0.4705372246203768E-006   0.2061290208520773E+000   0.3822691867572050E-001   0.0000000000000000E+000   0.8366146486396320E-001   0.0000000000000000E+000
  0.4588418931315811E-006   0.2093625454808972E+000   0.3938467304914718E-001   0.0000000000000000E+000   0.8666402494467242E-001   0.0000000000000000E+000
  0.4504249899618366E-006   0.2117665636922810E+000   0.4025432092431227E-001   0.0000000000000000E+000   0.8892394980564253E-001   0.0000000000000000E+000
  0.4422164325795987E-006   0.2141604920972254E+000   0.4112786265997646E-001   0.0000000000000000E+000   0.9119781572526151E-001   0.0000000000000000E+000
  0.4317412964641766E-006   0.2173245205986456E+000   0.4229395349945927E-001   0.0000000000000000E+000   0.9423905600970674E-001   0.0000000000000000E+000
  0.4241676101951470E-006   0.2196765666452475E+000   0.4316935957028351E-001   0.0000000000000000E+000   0.9652634178443498E-001   0.0000000000000000E+000
  0.4120778210067852E-006   0.2235688934612906E+000   0.4463401790954145E-001   0.0000000000000000E+000   0.1003612531222036E+000   0.0000000000000000E+000
  0.4051682205547168E-006   0.2258844778335621E+000   0.4551490037066589E-001   0.0000000000000000E+000   0.1026721655283823E+000   0.0000000000000000E+000
  0.3983554629372658E-006   0.2281918653397046E+000   0.4639974421670821E-001   0.0000000000000000E+000   0.1049968252142646E+000   0.0000000000000000E+000
  0.3854499752420477E-006   0.2327570283565238E+000   0.4817115497671755E-001   0.0000000000000000E+000   0.1096607847261625E+000   0.0000000000000000E+000
  0.3793233993564429E-006   0.2350203150345795E+000   0.4905972601724558E-001   0.0000000000000000E+000   0.1120049799680157E+000   0.0000000000000000E+000
  0.3732721221196283E-006   0.2372764556892376E+000   0.4995230721218733E-001   0.0000000000000000E+000   0.1143629057224667E+000   0.0000000000000000E+000
  0.3626239351539531E-006   0.2413695346517933E+000   0.5158901251945440E-001   0.0000000000000000E+000   0.1186946328339268E+000   0.0000000000000000E+000
  0.3526357502116092E-006   0.2454261023000002E+000   0.5323334313906322E-001   0.0000000000000000E+000   0.1230566699548842E+000   0.0000000000000000E+000
  0.3473664689373751E-006   0.2476238124442643E+000   0.5413348406650056E-001   0.0000000000000000E+000   0.1254486703993922E+000   0.0000000000000000E+000
  0.3404455280117760E-006   0.2505386647177751E+000   0.5533745937330556E-001   0.0000000000000000E+000   0.1286525429313326E+000   0.0000000000000000E+000
  0.3274668914299772E-006   0.2562973820918531E+000   0.5774988233004354E-001   0.0000000000000000E+000   0.1350877122302053E+000   0.0000000000000000E+000
  0.3213337428192417E-006   0.2591543399044524E+000   0.5896364652710152E-001   0.0000000000000000E+000   0.1383325297092417E+000   0.0000000000000000E+000
  0.3153621867466945E-006   0.2619830339137180E+000   0.6017644411734374E-001   0.0000000000000000E+000   0.1415796032822220E+000   0.0000000000000000E+000
  0.3095641880041246E-006   0.2648035049553466E+000   0.6139672415940552E-001   0.0000000000000000E+000   0.1448514161299714E+000   0.0000000000000000E+000
  0.3039609093411136E-006   0.2675940533636689E+000   0.6261491736415777E-001   0.0000000000000000E+000   0.1481222564519423E+000   0.0000000000000000E+000
  0.2971547933351142E-006   0.2710616256349307E+000   0.6414377256671736E-001   0.0000000000000000E+000   0.1522336263670190E+000   0.0000000000000000E+000
  0.2873738839042825E-006   0.2762303535865734E+000   0.6645388120654019E-001   0.0000000000000000E+000   0.1584592165870411E+000   0.0000000000000000E+000
  0.2770732535709117E-006   0.2820136247356035E+000   0.6908316713888966E-001   0.0000000000000000E+000   0.1655641358030596E+000   0.0000000000000000E+000
  0.2712853946475535E-006   0.2853831992395207E+000   0.7063702470857186E-001   0.0000000000000000E+000   0.1697721308518867E+000   0.0000000000000000E+000
  0.2645928864213244E-006   0.2893919910012573E+000   0.7250667234109488E-001   0.0000000000000000E+000   0.1748445151675936E+000   0.0000000000000000E+000
  0.2602508857378838E-006   0.2920514587778376E+000   0.7375977209293980E-001   0.0000000000000000E+000   0.1782494738581007E+000   0.0000000000000000E+000
  0.2519524627805007E-006   0.2973141690837720E+000   0.7626934523333397E-001   0.0000000000000000E+000   0.1850819026344199E+000   0.0000000000000000E+000
  0.2479699385198969E-006   0.2999311381267484E+000   0.7753230557264457E-001   0.0000000000000000E+000   0.1885265168041162E+000   0.0000000000000000E+000
  0.2421341861494914E-006   0.3038204567983160E+000   0.7942773364463085E-001   0.0000000000000000E+000   0.1937041034318093E+000   0.0000000000000000E+000
  0.2347378614383529E-006   0.3089654163652009E+000   0.8196916626710372E-001   0.0000000000000000E+000   0.2006610173310546E+000   0.0000000000000000E+000
  0.2294664420949166E-006   0.3127884819203078E+000   0.8388297877876981E-001   0.0000000000000000E+000   0.2059107462489278E+000   0.0000000000000000E+000
  0.2260125676311482E-006   0.3153269261641675E+000   0.8516573922649318E-001   0.0000000000000000E+000   0.2094345776353439E+000   0.0000000000000000E+000
  0.2193800145317041E-006   0.3203583892373066E+000   0.8773663225379523E-001   0.0000000000000000E+000   0.2165097415123552E+000   0.0000000000000000E+000
  0.2161854725900055E-006   0.3228506521143520E+000   0.8902427431404110E-001   0.0000000000000000E+000   0.2200592280321547E+000   0.0000000000000000E+000
  0.2099957762513382E-006   0.3278109515011217E+000   0.9161484750236520E-001   0.0000000000000000E+000   0.2272130082738069E+000   0.0000000000000000E+000
  0.2069999628239797E-006   0.3302782790766270E+000   0.9291747300668118E-001   0.0000000000000000E+000   0.2308159937711215E+000   0.0000000000000000E+000
  0.2012121805819249E-006   0.3351706488534951E+000   0.9552782399887660E-001   0.0000000000000000E+000   0.2380485893617461E+000   0.0000000000000000E+000
  0.1984147424603150E-006   0.3375999214161609E+000   0.9683776363357334E-001   0.0000000000000000E+000   0.2416838460229482E+000   0.0000000000000000E+000
  0.1929602208221575E-006   0.3424224469480965E+000   0.9946528138400579E-001   0.0000000000000000E+000   0.2489876197710839E+000   0.0000000000000000E+000
  0.1877686044180164E-006   0.3472129716504832E+000   0.1021114237299877E+000   0.0000000000000000E+000   0.2563587035700324E+000   0.0000000000000000E+000
  0.1833898864834363E-006   0.3513634580309836E+000   0.1044333150907929E+000   0.0000000000000000E+000   0.2628392409963902E+000   0.0000000000000000E+000
  0.1779750487972785E-006   0.3566635511836388E+000   0.1074381220867075E+000   0.0000000000000000E+000   0.2712433055884185E+000   0.0000000000000000E+000
  0.1736881899388858E-006   0.3610331977427134E+000   0.1099493666469622E+000   0.0000000000000000E+000   0.2782816121452810E+000   0.0000000000000000E+000
  0.1713196068655845E-006   0.3634958685642349E+000   0.1113782938925430E+000   0.0000000000000000E+000   0.2822923721414693E+000   0.0000000000000000E+000
  0.1689633636265069E-006   0.3659590806600431E+000   0.1128174346060389E+000   0.0000000000000000E+000   0.2863359996777020E+000   0.0000000000000000E+000
  0.1633900281847770E-006   0.3719685712829607E+000   0.1163701221735397E+000   0.0000000000000000E+000   0.2963364922673529E+000   0.0000000000000000E+000
  0.1599815029022758E-006   0.3757962032784619E+000   0.1186642673519293E+000   0.0000000000000000E+000   0.3028071734508104E+000   0.0000000000000000E+000
  0.1566387115335226E-006   0.3796268337972180E+000   0.1209846934322562E+000   0.0000000000000000E+000   0.3093625587899455E+000   0.0000000000000000E+000
  0.1537544454340275E-006   0.3829970475996975E+000   0.1230467191559424E+000   0.0000000000000000E+000   0.3151964645840582E+000   0.0000000000000000E+000
  0.1495861895063901E-006   0.3880114110891012E+000   0.1261503629996970E+000   0.0000000000000000E+000   0.3239926486472687E+000   0.0000000000000000E+000
  0.1469024111785709E-006   0.3913339054584606E+000   0.1282306461795712E+000   0.0000000000000000E+000   0.3298982911482394E+000   0.0000000000000000E+000
  0.1438403944451576E-006   0.3951908193371317E+000   0.1306694734189374E+000   0.0000000000000000E+000   0.3368319326111482E+000   0.0000000000000000E+000
  0.1404503008030085E-006   0.3995655360617639E+000   0.1334671834573825E+000   0.0000000000000000E+000   0.3447989136252917E+000   0.0000000000000000E+000
  0.1364005681213559E-006   0.4049850141648724E+000   0.1369797212220634E+000   0.0000000000000000E+000   0.3548213803135354E+000   0.0000000000000000E+000
  0.1340324842637293E-006   0.4082280872166678E+000   0.1391067559561760E+000   0.0000000000000000E+000   0.3609007339670970E+000   0.0000000000000000E+000
  0.1302277169883386E-006   0.4135752790155595E+000   0.1426550103009042E+000   0.0000000000000000E+000   0.3710597155155722E+000   0.0000000000000000E+000
  0.1280281396843750E-006   0.4167490066852465E+000   0.1447857019614280E+000   0.0000000000000000E+000   0.3771698767557689E+000   0.0000000000000000E+000
  0.1245261320427128E-006   0.4218898882394353E+000   0.1482763170864637E+000   0.0000000000000000E+000   0.3871959211236629E+000   0.0000000000000000E+000
  0.1206703163932754E-006   0.4277876887657858E+000   0.1523414917709660E+000   0.0000000000000000E+000   0.3988965411188568E+000   0.0000000000000000E+000
  0.1180337974749083E-006   0.4319489428752937E+000   0.1552492184238711E+000   0.0000000000000000E+000   0.4072813984977111E+000   0.0000000000000000E+000
  0.1157772369724573E-006   0.4355650222938212E+000   0.1578028363646597E+000   0.0000000000000000E+000   0.4146556694956371E+000   0.0000000000000000E+000
  0.1126718949496227E-006   0.4406930236091348E+000   0.1614672544410177E+000   0.0000000000000000E+000   0.4252549467875315E+000   0.0000000000000000E+000
  0.1111626322418309E-006   0.4432364134921983E+000   0.1633037847018675E+000   0.0000000000000000E+000   0.4305742845688628E+000   0.0000000000000000E+000
  0.1084929556813562E-006   0.4478062863485717E+000   0.1666354671607511E+000   0.0000000000000000E+000   0.4402367000953326E+000   0.0000000000000000E+000
  0.1062076914308124E-006   0.4518344908339045E+000   0.1696066621548412E+000   0.0000000000000000E+000   0.4488665616542719E+000   0.0000000000000000E+000
  0.1039803451480208E-006   0.4558381292827167E+000   0.1725919709313160E+000   0.0000000000000000E+000   0.4575495833489124E+000   0.0000000000000000E+000
  0.1015630057878120E-006   0.4603053648595496E+000   0.1759612461326840E+000   0.0000000000000000E+000   0.4673638234892328E+000   0.0000000000000000E+000
  0.1001186786793168E-006   0.4630201911716677E+000   0.1780288038246298E+000   0.0000000000000000E+000   0.4733935366959816E+000   0.0000000000000000E+000
  0.9766757557795830E-007   0.4676912912743198E+000   0.1816218676770275E+000   0.0000000000000000E+000   0.4838848974214088E+000   0.0000000000000000E+000
  0.9470073292500401E-007   0.4735615808071356E+000   0.1862020443757508E+000   0.0000000000000000E+000   0.4972811863796538E+000   0.0000000000000000E+000
  0.9279642249282675E-007   0.4774366906551781E+000   0.1892655737496112E+000   0.0000000000000000E+000   0.5062550372451524E+000   0.0000000000000000E+000
  0.9093517887114302E-007   0.4812895223745988E+000   0.1923433823133515E+000   0.0000000000000000E+000   0.5152813724116325E+000   0.0000000000000000E+000
  0.8912388583055457E-007   0.4851203828955522E+000   0.1954355261003416E+000   0.0000000000000000E+000   0.5243600132631892E+000   0.0000000000000000E+000
  0.8736122433849225E-007   0.4889105064480854E+000   0.1985264372331700E+000   0.0000000000000000E+000   0.5334448230623251E+000   0.0000000000000000E+000
  0.8479617996544503E-007   0.4945992777552709E+000   0.2032252845224911E+000   0.0000000000000000E+000   0.5472743889981112E+000   0.0000000000000000E+000
  0.8356057046555316E-007   0.4974099659793925E+000   0.2055736805214559E+000   0.0000000000000000E+000   0.5541939991407807E+000   0.0000000000000000E+000
  0.8233101994218552E-007   0.5002303702360372E+000   0.2079481385938230E+000   0.0000000000000000E+000   0.5611957097242665E+000   0.0000000000000000E+000
  0.8074344865656111E-007   0.5039366627534406E+000   0.2110959929254228E+000   0.0000000000000000E+000   0.5704858860330873E+000   0.0000000000000000E+000
  0.7918229027635582E-007   0.5076605647380794E+000   0.2142906491868960E+000   0.0000000000000000E+000   0.5799231672030588E+000   0.0000000000000000E+000
  0.7766715084950968E-007   0.5113454077286803E+000   0.2174835098159582E+000   0.0000000000000000E+000   0.5893640371599598E+000   0.0000000000000000E+000
  0.7618893152277747E-007   0.5150103987748818E+000   0.2206907664502671E+000   0.0000000000000000E+000   0.5988562286439656E+000   0.0000000000000000E+000
  0.7475378205217594E-007   0.5186368921062956E+000   0.2238956532450920E+000   0.0000000000000000E+000   0.6083499989218162E+000   0.0000000000000000E+000
  0.7333787751605725E-007   0.5222817367027028E+000   0.2271484587522632E+000   0.0000000000000000E+000   0.6179943296610160E+000   0.0000000000000000E+000
  0.7188572700512046E-007   0.5260919587340970E+000   0.2305831756218998E+000   0.0000000000000000E+000   0.6281872431335852E+000   0.0000000000000000E+000
  0.7045851248189249E-007   0.5299232811880465E+000   0.2340726244441412E+000   0.0000000000000000E+000   0.6385522647682570E+000   0.0000000000000000E+000
  0.6947599736987946E-007   0.5325894073862600E+000   0.2365222374724718E+000   0.0000000000000000E+000   0.6458341316673053E+000   0.0000000000000000E+000
  0.6723997225925649E-007   0.5388063104394220E+000   0.2423029484444526E+000   0.0000000000000000E+000   0.6630368864895541E+000   0.0000000000000000E+000
  0.6601279782297300E-007   0.5423270419190598E+000   0.2456200766747100E+000   0.0000000000000000E+000   0.6729192318242244E+000   0.0000000000000000E+000
  0.6481427850400093E-007   0.5458086966864224E+000   0.2489315342903420E+000   0.0000000000000000E+000   0.6827929208113840E+000   0.0000000000000000E+000
  0.6363320863842402E-007   0.5493098231713359E+000   0.2522930981441197E+000   0.0000000000000000E+000   0.6928241921229009E+000   0.0000000000000000E+000
  0.6276680789277540E-007   0.5519035299255134E+000   0.2548040787028863E+000   0.0000000000000000E+000   0.7003223850254010E+000   0.0000000000000000E+000
  0.6079400269020950E-007   0.5579501984044134E+000   0.2607267387008488E+000   0.0000000000000000E+000   0.7180262120485171E+000   0.0000000000000000E+000
  0.5971022541969790E-007   0.5613737641420904E+000   0.2641235930634898E+000   0.0000000000000000E+000   0.7281904231475474E+000   0.0000000000000000E+000
  0.5864768379760863E-007   0.5647616547327563E+000   0.2675163356226364E+000   0.0000000000000000E+000   0.7383500004799149E+000   0.0000000000000000E+000
  0.5708406170085700E-007   0.5698539593230212E+000   0.2726752494811073E+000   0.0000000000000000E+000   0.7538123004704012E+000   0.0000000000000000E+000
  0.5558380851595873E-007   0.5748808296215764E+000   0.2778388345066621E+000   0.0000000000000000E+000   0.7693045723419342E+000   0.0000000000000000E+000
  0.5412256276397363E-007   0.5798982970708968E+000   0.2830641597720975E+000   0.0000000000000000E+000   0.7849976551773282E+000   0.0000000000000000E+000
  0.5271508780882236E-007   0.5848514227538417E+000   0.2882936297450204E+000   0.0000000000000000E+000   0.8007175826561344E+000   0.0000000000000000E+000
  0.5134345077425583E-007   0.5897959786212186E+000   0.2935857602825568E+000   0.0000000000000000E+000   0.8166390778758893E+000   0.0000000000000000E+000
  0.5002576083612054E-007   0.5946772054229053E+000   0.2988815267956649E+000   0.0000000000000000E+000   0.8325835633305182E+000   0.0000000000000000E+000
  0.4916222348639707E-007   0.5979389509462406E+000   0.3024604714433928E+000   0.0000000000000000E+000   0.8433650253554124E+000   0.0000000000000000E+000
  0.4831900573092046E-007   0.6011667769216956E+000   0.3060343043433736E+000   0.0000000000000000E+000   0.8541353514659520E+000   0.0000000000000000E+000
  0.4749777541928938E-007   0.6043608788523652E+000   0.3096026310263433E+000   0.0000000000000000E+000   0.8648927222240140E+000   0.0000000000000000E+000
  0.4668439976845143E-007   0.6075761546683869E+000   0.3132269552547514E+000   0.0000000000000000E+000   0.8758222053228628E+000   0.0000000000000000E+000
  0.4589245437535745E-007   0.6107397246886742E+000   0.3168250899715867E+000   0.0000000000000000E+000   0.8866753163273056E+000   0.0000000000000000E+000
  0.4435420989017174E-007   0.6170591760919660E+000   0.3241090582776052E+000   0.0000000000000000E+000   0.9086534942371693E+000   0.0000000000000000E+000
  0.4360740409419476E-007   0.6202140335200158E+000   0.3277944830172831E+000   0.0000000000000000E+000   0.9197764049832770E+000   0.0000000000000000E+000
  0.4287583398441626E-007   0.6233359265000278E+000   0.3314739469519180E+000   0.0000000000000000E+000   0.9308831552139774E+000   0.0000000000000000E+000
  0.4216306925938975E-007   0.6264250470545384E+000   0.3351470723346550E+000   0.0000000000000000E+000   0.9419721409315313E+000   0.0000000000000000E+000
  0.4145639307561482E-007   0.6295356820267385E+000   0.3388785920316394E+000   0.0000000000000000E+000   0.9532387098263982E+000   0.0000000000000000E+000
  0.4076411902829614E-007   0.6326137482637257E+000   0.3426038814535126E+000   0.0000000000000000E+000   0.9644873699999438E+000   0.0000000000000000E+000
  0.3942612925853096E-007   0.6387277716293001E+000   0.3501015575594640E+000   0.0000000000000000E+000   0.9871302278032149E+000   0.0000000000000000E+000
  0.3877612190488159E-007   0.6417629215527102E+000   0.3538730489052235E+000   0.0000000000000000E+000   0.9985209151618469E+000   0.0000000000000000E+000
  0.3751244202977774E-007   0.6477919721890841E+000   0.3614635417082378E+000   0.0000000000000000E+000   0.1021448495950301E+001   0.0000000000000000E+000
  0.3690499115717607E-007   0.6507673053402394E+000   0.3652588772190999E+000   0.0000000000000000E+000   0.1032913142586117E+001   0.0000000000000000E+000
  0.3629901504105065E-007   0.6537644403513648E+000   0.3691154753401626E+000   0.0000000000000000E+000   0.1044563511215472E+001   0.0000000000000000E+000
  0.3570531148662859E-007   0.6567300667262331E+000   0.3729650707180589E+000   0.0000000000000000E+000   0.1056192847933998E+001   0.0000000000000000E+000
  0.3455569066587249E-007   0.6626214911017383E+000   0.3807128319733389E+000   0.0000000000000000E+000   0.1079599334301993E+001   0.0000000000000000E+000
  0.3399932078064329E-007   0.6655465876746638E+000   0.3846101050311495E+000   0.0000000000000000E+000   0.1091373540090523E+001   0.0000000000000000E+000
  0.3344780929218356E-007   0.6684583683213019E+000   0.3885234182149934E+000   0.0000000000000000E+000   0.1103196417408191E+001   0.0000000000000000E+000
  0.3237963968918513E-007   0.6742432083355525E+000   0.3963995017424322E+000   0.0000000000000000E+000   0.1126992430046810E+001   0.0000000000000000E+000
  0.3186517435027583E-007   0.6770981045163731E+000   0.4003371686997421E+000   0.0000000000000000E+000   0.1138889736835578E+001   0.0000000000000000E+000
  0.3135121861789296E-007   0.6799750821232814E+000   0.4043396760600627E+000   0.0000000000000000E+000   0.1150983806575055E+001   0.0000000000000000E+000
  0.3085286927647284E-007   0.6828042675003080E+000   0.4083098093239564E+000   0.0000000000000000E+000   0.1162980797983324E+001   0.0000000000000000E+000
  0.3035488413251618E-007   0.6856556010038742E+000   0.4123457044304583E+000   0.0000000000000000E+000   0.1175177593172235E+001   0.0000000000000000E+000
  0.2939477095290190E-007   0.6912863103702417E+000   0.4204192901458962E+000   0.0000000000000000E+000   0.1199582191131181E+001   0.0000000000000000E+000
  0.2893192139791673E-007   0.6940652411214957E+000   0.4244554731611597E+000   0.0000000000000000E+000   0.1211786971128978E+001   0.0000000000000000E+000
  0.2846702958695347E-007   0.6968664787665636E+000   0.4285590593350133E+000   0.0000000000000000E+000   0.1224199724688106E+001   0.0000000000000000E+000
  0.2757005594517308E-007   0.7023984405568109E+000   0.4367675060440808E+000   0.0000000000000000E+000   0.1249046523987141E+001   0.0000000000000000E+000
  0.2713697725415597E-007   0.7051288070023508E+000   0.4408708528942604E+000   0.0000000000000000E+000   0.1261478868757821E+001   0.0000000000000000E+000
  0.2670335138058784E-007   0.7078817076492738E+000   0.4450432195991623E+000   0.0000000000000000E+000   0.1274130811012512E+001   0.0000000000000000E+000
  0.2623030667486483E-007   0.7109241996532831E+000   0.4496959749865625E+000   0.0000000000000000E+000   0.1288254242020125E+001   0.0000000000000000E+000
  0.2575730623597597E-007   0.7139954333717403E+000   0.4544372802209305E+000   0.0000000000000000E+000   0.1302665590836044E+001   0.0000000000000000E+000
  0.2494542881049165E-007   0.7193808770894261E+000   0.4628603087195934E+000   0.0000000000000000E+000   0.1328328099770699E+001   0.0000000000000000E+000
  0.2455218716332526E-007   0.7220395614009387E+000   0.4670703601193572E+000   0.0000000000000000E+000   0.1341190289679824E+001   0.0000000000000000E+000
  0.2415665833355521E-007   0.7247213997886058E+000   0.4713519613763037E+000   0.0000000000000000E+000   0.1354300073549745E+001   0.0000000000000000E+000
  0.2338597168321842E-007   0.7300195903612821E+000   0.4799140817781499E+000   0.0000000000000000E+000   0.1380619679162498E+001   0.0000000000000000E+000
  0.2264163079443468E-007   0.7352766626111108E+000   0.4885460198400480E+000   0.0000000000000000E+000   0.1407324212646170E+001   0.0000000000000000E+000
  0.2227813522480578E-007   0.7378732813775888E+000   0.4928597433939306E+000   0.0000000000000000E+000   0.1420745986393374E+001   0.0000000000000000E+000
  0.2191319102680190E-007   0.7404941597402473E+000   0.4972473554158308E+000   0.0000000000000000E+000   0.1434456999157353E+001   0.0000000000000000E+000
  0.2155660116535740E-007   0.7430720473257937E+000   0.5015958461394412E+000   0.0000000000000000E+000   0.1448110099207805E+001   0.0000000000000000E+000
  0.2102484146594253E-007   0.7469518743602164E+000   0.5082016627637477E+000   0.0000000000000000E+000   0.1468984888004027E+001   0.0000000000000000E+000
  0.2050021145072655E-007   0.7508209877424049E+000   0.5148621051769897E+000   0.0000000000000000E+000   0.1490211820450002E+001   0.0000000000000000E+000
  0.1981691109768311E-007   0.7559355908024392E+000   0.5237776626357935E+000   0.0000000000000000E+000   0.1518935581772687E+001   0.0000000000000000E+000
  0.1948213721871906E-007   0.7584650195488568E+000   0.5282335251006881E+000   0.0000000000000000E+000   0.1533432589032277E+001   0.0000000000000000E+000
  0.1898062484377093E-007   0.7622759952039615E+000   0.5350052110398489E+000   0.0000000000000000E+000   0.1555652215398822E+001   0.0000000000000000E+000
  0.1848494822401366E-007   0.7660812734061705E+000   0.5418368126043910E+000   0.0000000000000000E+000   0.1578302571767072E+001   0.0000000000000000E+000
  0.1783835474412442E-007   0.7711188563497424E+000   0.5509894647542654E+000   0.0000000000000000E+000   0.1609015590756055E+001   0.0000000000000000E+000
  0.1752187027884009E-007   0.7736133577767197E+000   0.5555682404651850E+000   0.0000000000000000E+000   0.1624533657654383E+001   0.0000000000000000E+000
  0.1720355603502018E-007   0.7761370814331322E+000   0.5602326550665149E+000   0.0000000000000000E+000   0.1640442360509585E+001   0.0000000000000000E+000
  0.1689232467452665E-007   0.7786231127930467E+000   0.5648594256735692E+000   0.0000000000000000E+000   0.1656317927925978E+001   0.0000000000000000E+000
  0.1642783469628623E-007   0.7823749739055211E+000   0.5719035644664158E+000   0.0000000000000000E+000   0.1680657052588246E+001   0.0000000000000000E+000
  0.1596980650844891E-007   0.7861282203565230E+000   0.5790266300642969E+000   0.0000000000000000E+000   0.1705454191796481E+001   0.0000000000000000E+000
  0.1537513100751831E-007   0.7911069919301604E+000   0.5885983849556269E+000   0.0000000000000000E+000   0.1739019804670820E+001   0.0000000000000000E+000
  0.1508540919617239E-007   0.7935762690628551E+000   0.5933997313353707E+000   0.0000000000000000E+000   0.1755941126706144E+001   0.0000000000000000E+000
  0.1479483933521848E-007   0.7960778370602473E+000   0.5983019653645022E+000   0.0000000000000000E+000   0.1773261813328861E+001   0.0000000000000000E+000
  0.1451218909975179E-007   0.7985440567326596E+000   0.6031737005116232E+000   0.0000000000000000E+000   0.1790507244565703E+001   0.0000000000000000E+000
  0.1422975805232871E-007   0.8010431884308796E+000   0.6081509337689586E+000   0.0000000000000000E+000   0.1808148081865850E+001   0.0000000000000000E+000
  0.1395440238904550E-007   0.8035073553126904E+000   0.6130998147924663E+000   0.0000000000000000E+000   0.1825698126857222E+001   0.0000000000000000E+000
  0.1341427186478938E-007   0.8084682826691892E+000   0.6231928097787582E+000   0.0000000000000000E+000   0.1861471447431754E+001   0.0000000000000000E+000
  0.1314969189915875E-007   0.8109651314021220E+000   0.6283410749052830E+000   0.0000000000000000E+000   0.1879683919583821E+001   0.0000000000000000E+000
  0.1289230097199410E-007   0.8134275098356454E+000   0.6334652929054199E+000   0.0000000000000000E+000   0.1897770217183898E+001   0.0000000000000000E+000
  0.1263602224983778E-007   0.8159241694400712E+000   0.6387104563735296E+000   0.0000000000000000E+000   0.1916225143660165E+001   0.0000000000000000E+000
  0.1238791151002174E-007   0.8183864466953343E+000   0.6439340733275704E+000   0.0000000000000000E+000   0.1934531816809970E+001   0.0000000000000000E+000
  0.1214120234869647E-007   0.8208832385661359E+000   0.6492841684471987E+000   0.0000000000000000E+000   0.1953194061393960E+001   0.0000000000000000E+000
  0.1190165961985312E-007   0.8233456259702974E+000   0.6546151536133615E+000   0.0000000000000000E+000   0.1971684087334499E+001   0.0000000000000000E+000
  0.1143606945646236E-007   0.8283058026426361E+000   0.6655270354002679E+000   0.0000000000000000E+000   0.2009141691478632E+001   0.0000000000000000E+000
  0.1121019432690760E-007   0.8308027579594015E+000   0.6711124722506410E+000   0.0000000000000000E+000   0.2028080545656076E+001   0.0000000000000000E+000
  0.1099149544419834E-007   0.8332648738418628E+000   0.6766840103756591E+000   0.0000000000000000E+000   0.2046791723591324E+001   0.0000000000000000E+000
  0.1077523381661651E-007   0.8357613048165967E+000   0.6824011672249114E+000   0.0000000000000000E+000   0.2065786330005484E+001   0.0000000000000000E+000
  0.1056616417394020E-007   0.8382224327452168E+000   0.6881074875663737E+000   0.0000000000000000E+000   0.2084519863308165E+001   0.0000000000000000E+000
  0.1016230611017005E-007   0.8431776156201103E+000   0.6998197186565907E+000   0.0000000000000000E+000   0.2122196965055376E+001   0.0000000000000000E+000
  0.9875825377059675E-008   0.8468938204617495E+000   0.7088129136558143E+000   0.0000000000000000E+000   0.2150355724423418E+001   0.0000000000000000E+000
  0.9599107835395628E-008   0.8506134583848941E+000   0.7180076391159715E+000   0.0000000000000000E+000   0.2178398051898470E+001   0.0000000000000000E+000
  0.9255188426888685E-008   0.8555454141142583E+000   0.7305187670433891E+000   0.0000000000000000E+000   0.2215279010695512E+001   0.0000000000000000E+000
  0.9091886712765336E-008   0.8579870479293857E+000   0.7368553271078000E+000   0.0000000000000000E+000   0.2233385971817357E+001   0.0000000000000000E+000
  0.8779888969799322E-008   0.8628909857396646E+000   0.7498810546643399E+000   0.0000000000000000E+000   0.2269418860066821E+001   0.0000000000000000E+000
  0.8632486928430603E-008   0.8653499440361377E+000   0.7565685132385439E+000   0.0000000000000000E+000   0.2287318912483232E+001   0.0000000000000000E+000
  0.8489663989726260E-008   0.8677673910849095E+000   0.7632465172407450E+000   0.0000000000000000E+000   0.2304814070674103E+001   0.0000000000000000E+000
  0.8219126742528621E-008   0.8726144251950134E+000   0.7769471301530823E+000   0.0000000000000000E+000   0.2339627681317025E+001   0.0000000000000000E+000
  0.8090226791825918E-008   0.8750407814994936E+000   0.7839638726448622E+000   0.0000000000000000E+000   0.2356952097192694E+001   0.0000000000000000E+000
  0.7904952658364759E-008   0.8786244426000576E+000   0.7945211733629068E+000   0.0000000000000000E+000   0.2382461645774101E+001   0.0000000000000000E+000
  0.7758787384979409E-008   0.8815881605351279E+000   0.8034275679757088E+000   0.0000000000000000E+000   0.2403526002429047E+001   0.0000000000000000E+000
  0.7673266748905617E-008   0.8833578936249623E+000   0.8088222431173393E+000   0.0000000000000000E+000   0.2416105637785379E+001   0.0000000000000000E+000
  0.7588306165129842E-008   0.8851402521866502E+000   0.8143133547063096E+000   0.0000000000000000E+000   0.2428784339937834E+001   0.0000000000000000E+000
  0.7503688144317581E-008   0.8869353135685958E+000   0.8199027225890309E+000   0.0000000000000000E+000   0.2441569109718544E+001   0.0000000000000000E+000
  0.7341497265244545E-008   0.8904499203057750E+000   0.8310202771585573E+000   0.0000000000000000E+000   0.2466668527984448E+001   0.0000000000000000E+000
  0.7187797588369867E-008   0.8939379798845651E+000   0.8422869738835778E+000   0.0000000000000000E+000   0.2491703300949015E+001   0.0000000000000000E+000
  0.7113175965479712E-008   0.8956623534649104E+000   0.8479448835178567E+000   0.0000000000000000E+000   0.2504137837834902E+001   0.0000000000000000E+000
  0.7038646418665517E-008   0.8973982350593924E+000   0.8537006663004240E+000   0.0000000000000000E+000   0.2516699674955018E+001   0.0000000000000000E+000
  0.6965677039524996E-008   0.8991088833785769E+000   0.8594328384279273E+000   0.0000000000000000E+000   0.2529125672132344E+001   0.0000000000000000E+000
  0.6823502345302932E-008   0.9025280963324643E+000   0.8710729721108317E+000   0.0000000000000000E+000   0.2554121959971247E+001   0.0000000000000000E+000
  0.6754231520249497E-008   0.9042358289572008E+000   0.8769801234835867E+000   0.0000000000000000E+000   0.2566693643306851E+001   0.0000000000000000E+000
  0.6686258460308487E-008   0.9059184313325288E+000   0.8828625955447847E+000   0.0000000000000000E+000   0.2579142954163139E+001   0.0000000000000000E+000
  0.6618636023497269E-008   0.9076118552162872E+000   0.8888463303565431E+000   0.0000000000000000E+000   0.2591740634864516E+001   0.0000000000000000E+000
  0.6552678823917541E-008   0.9092802488395406E+000   0.8948047431936134E+000   0.0000000000000000E+000   0.2604223983727798E+001   0.0000000000000000E+000
  0.6487140842582266E-008   0.9109592969375491E+000   0.9008650680292613E+000   0.0000000000000000E+000   0.2616865536526040E+001   0.0000000000000000E+000
  0.6444374886149292E-008   0.9120569838013689E+000   0.9048617225029546E+000   0.0000000000000000E+000   0.2625176373351074E+001   0.0000000000000000E+000
  0.6358999622867606E-008   0.9142664598742278E+000   0.9129884076581862E+000   0.0000000000000000E+000   0.2642029534876726E+001   0.0000000000000000E+000
  0.6316227820561401E-008   0.9153782357092748E+000   0.9171178117215579E+000   0.0000000000000000E+000   0.2650581496441104E+001   0.0000000000000000E+000
  0.6232344361234335E-008   0.9175536186807325E+000   0.9252694984423500E+000   0.0000000000000000E+000   0.2667482316133696E+001   0.0000000000000000E+000
  0.6189918906714841E-008   0.9186484138479259E+000   0.9294040213771437E+000   0.0000000000000000E+000   0.2676086903396644E+001   0.0000000000000000E+000
  0.6104047793273004E-008   0.9208220553026670E+000   0.9376613895100188E+000   0.0000000000000000E+000   0.2693414562627537E+001   0.0000000000000000E+000
  0.6015779414960363E-008   0.9229852894935977E+000   0.9459202511563053E+000   0.0000000000000000E+000   0.2711053637878598E+001   0.0000000000000000E+000
  0.5969792312116800E-008   0.9240752522449678E+000   0.9500867245643922E+000   0.0000000000000000E+000   0.2720119679404394E+001   0.0000000000000000E+000
  0.5875338374553605E-008   0.9262113881797360E+000   0.9582388732564423E+000   0.0000000000000000E+000   0.2738287865773473E+001   0.0000000000000000E+000
  0.5825244405219651E-008   0.9272890634699540E+000   0.9623377344471613E+000   0.0000000000000000E+000   0.2747670473619855E+001   0.0000000000000000E+000
  0.5773370014166332E-008   0.9283736768533830E+000   0.9664487849799062E+000   0.0000000000000000E+000   0.2757267476556823E+001   0.0000000000000000E+000
  0.5666245176504920E-008   0.9305036134362811E+000   0.9744711661788847E+000   0.0000000000000000E+000   0.2776568631884349E+001   0.0000000000000000E+000
  0.5549991224623596E-008   0.9326659958718138E+000   0.9825515441389776E+000   0.0000000000000000E+000   0.2796752931133007E+001   0.0000000000000000E+000
  0.5490711788731259E-008   0.9337300424121739E+000   0.9865084677788840E+000   0.0000000000000000E+000   0.2806884763858954E+001   0.0000000000000000E+000
  0.5429809917765937E-008   0.9348033304354525E+000   0.9904901335031278E+000   0.0000000000000000E+000   0.2817226052380847E+001   0.0000000000000000E+000
  0.5367307823099004E-008   0.9358863908379418E+000   0.9945022485104908E+000   0.0000000000000000E+000   0.2827774930293526E+001   0.0000000000000000E+000
  0.5240208062817186E-008   0.9380525844367633E+000   0.1002529450978647E+001   0.0000000000000000E+000   0.2849170265796074E+001   0.0000000000000000E+000
  0.5175981877127031E-008   0.9391361953158563E+000   0.1006556626335621E+001   0.0000000000000000E+000   0.2859997673383791E+001   0.0000000000000000E+000
  0.5111047685986151E-008   0.9402308879063628E+000   0.1010640605053700E+001   0.0000000000000000E+000   0.2871003639940320E+001   0.0000000000000000E+000
  0.5078365675126565E-008   0.9407825127575860E+000   0.1012706591908569E+001   0.0000000000000000E+000   0.2876571490495028E+001   0.0000000000000000E+000
  0.5045505328544088E-008   0.9413370568789126E+000   0.1014790269939201E+001   0.0000000000000000E+000   0.2882181395484687E+001   0.0000000000000000E+000
  0.4981182425613167E-008   0.9424235159199196E+000   0.1018897273530123E+001   0.0000000000000000E+000   0.2893201236927318E+001   0.0000000000000000E+000
  0.4854449821864248E-008   0.9446313704312097E+000   0.1027375736178753E+001   0.0000000000000000E+000   0.2915657085682918E+001   0.0000000000000000E+000
  0.4792448208586417E-008   0.9457527151518961E+000   0.1031769355855687E+001   0.0000000000000000E+000   0.2927072004549871E+001   0.0000000000000000E+000
  0.4732959274735199E-008   0.9468538899665612E+000   0.1036157358549779E+001   0.0000000000000000E+000   0.2938258174337735E+001   0.0000000000000000E+000
  0.4675248299801709E-008   0.9479661934968135E+000   0.1040678901968458E+001   0.0000000000000000E+000   0.2949513871087925E+001   0.0000000000000000E+000
  0.4619932544243693E-008   0.9490893924423109E+000   0.1045352628225801E+001   0.0000000000000000E+000   0.2960812626597316E+001   0.0000000000000000E+000
  0.4567714875531199E-008   0.9502230625853048E+000   0.1050198040520708E+001   0.0000000000000000E+000   0.2972125079371379E+001   0.0000000000000000E+000
  0.4520460101234822E-008   0.9513342630346359E+000   0.1055087546852065E+001   0.0000000000000000E+000   0.2983104528889706E+001   0.0000000000000000E+000
  0.4476989374616809E-008   0.9524540525504471E+000   0.1060163490581653E+001   0.0000000000000000E+000   0.2994051538406401E+001   0.0000000000000000E+000
  0.4437232398728968E-008   0.9535816201672016E+000   0.1065420630884204E+001   0.0000000000000000E+000   0.3004968154313708E+001   0.0000000000000000E+000
  0.4400318510133144E-008   0.9547162347301470E+000   0.1070832866624605E+001   0.0000000000000000E+000   0.3015896855844235E+001   0.0000000000000000E+000
  0.4365561807998498E-008   0.9558252222445467E+000   0.1076196299316758E+001   0.0000000000000000E+000   0.3026593733703654E+001   0.0000000000000000E+000
  0.4329727135487888E-008   0.9569405290518890E+000   0.1081611160597132E+001   0.0000000000000000E+000   0.3037433543179230E+001   0.0000000000000000E+000
  0.4310916263332776E-008   0.9575007581878636E+000   0.1084323727854513E+001   0.0000000000000000E+000   0.3042937784877581E+001   0.0000000000000000E+000
  0.4291457007923337E-008   0.9580628202014948E+000   0.1087032310926081E+001   0.0000000000000000E+000   0.3048507471166439E+001   0.0000000000000000E+000
  0.4249187759791352E-008   0.9591928868744829E+000   0.1092420666878981E+001   0.0000000000000000E+000   0.3059864496935909E+001   0.0000000000000000E+000
  0.4202384363648865E-008   0.9603000717208384E+000   0.1097621901082101E+001   0.0000000000000000E+000   0.3071200185690019E+001   0.0000000000000000E+000
  0.4177303114188147E-008   0.9608575305435096E+000   0.1100211516874317E+001   0.0000000000000000E+000   0.3076982712170534E+001   0.0000000000000000E+000
  0.4151425913611699E-008   0.9614177474039376E+000   0.1102794180568097E+001   0.0000000000000000E+000   0.3082842255713405E+001   0.0000000000000000E+000
  0.4096248166050996E-008   0.9625470271849764E+000   0.1107945056347416E+001   0.0000000000000000E+000   0.3094791583306324E+001   0.0000000000000000E+000
  0.4035776594426990E-008   0.9636896980325999E+000   0.1113093096977695E+001   0.0000000000000000E+000   0.3107046784381068E+001   0.0000000000000000E+000
  0.4005939126586779E-008   0.9642348282310956E+000   0.1115532175382686E+001   0.0000000000000000E+000   0.3112943510853652E+001   0.0000000000000000E+000
  0.3976188122303107E-008   0.9647725280209146E+000   0.1117929033215225E+001   0.0000000000000000E+000   0.3118788771480385E+001   0.0000000000000000E+000
  0.3915237499610389E-008   0.9658463256794104E+000   0.1122694325045422E+001   0.0000000000000000E+000   0.3130540096039748E+001   0.0000000000000000E+000
  0.3851289079412257E-008   0.9669329308815016E+000   0.1127497221616035E+001   0.0000000000000000E+000   0.3142522622396381E+001   0.0000000000000000E+000
  0.3818502553158081E-008   0.9674822001067861E+000   0.1129921022155164E+001   0.0000000000000000E+000   0.3148609245630222E+001   0.0000000000000000E+000
  0.3785345889377573E-008   0.9680356011944261E+000   0.1132362231281298E+001   0.0000000000000000E+000   0.3154759703843038E+001   0.0000000000000000E+000
  0.3719459248708935E-008   0.9691233292314391E+000   0.1137163056852177E+001   0.0000000000000000E+000   0.3166895604502772E+001   0.0000000000000000E+000
  0.3685836064001533E-008   0.9696736109966372E+000   0.1139595118306446E+001   0.0000000000000000E+000   0.3173055722963741E+001   0.0000000000000000E+000
  0.3651975714328435E-008   0.9702270081260033E+000   0.1142044806974650E+001   0.0000000000000000E+000   0.3179262809627886E+001   0.0000000000000000E+000
  0.3583271518406561E-008   0.9713475201800028E+000   0.1147021382737660E+001   0.0000000000000000E+000   0.3191862935927424E+001   0.0000000000000000E+000
  0.3548460153982956E-008   0.9719149404602168E+000   0.1149551881507378E+001   0.0000000000000000E+000   0.3198257281859946E+001   0.0000000000000000E+000
  0.3479243682614596E-008   0.9730466249523675E+000   0.1154625385950523E+001   0.0000000000000000E+000   0.3211031839373449E+001   0.0000000000000000E+000
  0.3410438207549957E-008   0.9741800457862766E+000   0.1159748745291217E+001   0.0000000000000000E+000   0.3223846831336680E+001   0.0000000000000000E+000
  0.3341391206153797E-008   0.9753339448662270E+000   0.1165014700978569E+001   0.0000000000000000E+000   0.3236905669228784E+001   0.0000000000000000E+000
  0.3306644290964267E-008   0.9759188379575829E+000   0.1167705706063148E+001   0.0000000000000000E+000   0.3243526735423828E+001   0.0000000000000000E+000
  0.3246191261042814E-008   0.9769476777451527E+000   0.1172479721265561E+001   0.0000000000000000E+000   0.3255170969957113E+001   0.0000000000000000E+000
  0.3195554828732550E-008   0.9778295451434598E+000   0.1176616641035801E+001   0.0000000000000000E+000   0.3265145309712888E+001   0.0000000000000000E+000
  0.3154020308413263E-008   0.9785654015613323E+000   0.1180102990399235E+001   0.0000000000000000E+000   0.3273460484059157E+001   0.0000000000000000E+000
  0.3121100333523459E-008   0.9791587322794796E+000   0.1182938599688401E+001   0.0000000000000000E+000   0.3280158063009309E+001   0.0000000000000000E+000
  0.3096417509008354E-008   0.9796073660469093E+000   0.1185098173523543E+001   0.0000000000000000E+000   0.3285217030918628E+001   0.0000000000000000E+000
  0.3055447718590337E-008   0.9803621725555731E+000   0.1188763853674783E+001   0.0000000000000000E+000   0.3293715720181541E+001   0.0000000000000000E+000
  0.3007537502897543E-008   0.9812765705466969E+000   0.1193262865041112E+001   0.0000000000000000E+000   0.3303985668261439E+001   0.0000000000000000E+000
  0.2961415998414611E-008   0.9821932288721698E+000   0.1197842708089930E+001   0.0000000000000000E+000   0.3314247182431880E+001   0.0000000000000000E+000
  0.2918121986790195E-008   0.9831042702841926E+000   0.1202470472238687E+001   0.0000000000000000E+000   0.3324406081829966E+001   0.0000000000000000E+000
  0.2890363609505430E-008   0.9837143260608583E+000   0.1205615673240724E+001   0.0000000000000000E+000   0.3331182972197682E+001   0.0000000000000000E+000
  0.2863785432997662E-008   0.9843294412071197E+000   0.1208828031938142E+001   0.0000000000000000E+000   0.3337992100225968E+001   0.0000000000000000E+000
  0.2850938486498462E-008   0.9846387966376654E+000   0.1210460281863557E+001   0.0000000000000000E+000   0.3341406629584029E+001   0.0000000000000000E+000
  0.2838092448800438E-008   0.9849493529021777E+000   0.1212110775676018E+001   0.0000000000000000E+000   0.3344826977454666E+001   0.0000000000000000E+000
  0.2813681672375462E-008   0.9855696693474318E+000   0.1215445560688011E+001   0.0000000000000000E+000   0.3351634076352640E+001   0.0000000000000000E+000
  0.2791618661250856E-008   0.9861943060202707E+000   0.1218859253636632E+001   0.0000000000000000E+000   0.3358452476620066E+001   0.0000000000000000E+000
  0.2771886213922418E-008   0.9868178959724484E+000   0.1222329393479253E+001   0.0000000000000000E+000   0.3365219103524773E+001   0.0000000000000000E+000
  0.2756423640456461E-008   0.9874267282096759E+000   0.1225785665251234E+001   0.0000000000000000E+000   0.3371782804501071E+001   0.0000000000000000E+000
  0.2749388592028707E-008   0.9877320114963899E+000   0.1227547307907809E+001   0.0000000000000000E+000   0.3375056477385701E+001   0.0000000000000000E+000
  0.2738736655730996E-008   0.9883414619258883E+000   0.1231129493457871E+001   0.0000000000000000E+000   0.3381551492517402E+001   0.0000000000000000E+000
  0.2735677064333579E-008   0.9886450765385104E+000   0.1232951195974516E+001   0.0000000000000000E+000   0.3384765625534081E+001   0.0000000000000000E+000
  0.2733589337793929E-008   0.9889488159209463E+000   0.1234802119566151E+001   0.0000000000000000E+000   0.3387965190724537E+001   0.0000000000000000E+000
  0.2733226856212626E-008   0.9892524987694663E+000   0.1236684584196060E+001   0.0000000000000000E+000   0.3391146617458206E+001   0.0000000000000000E+000
  0.2739019554263785E-008   0.9898559894490263E+000   0.1240540922211082E+001   0.0000000000000000E+000   0.3397409319293530E+001   0.0000000000000000E+000
  0.2747915178877895E-008   0.9901546652052027E+000   0.1242522453088339E+001   0.0000000000000000E+000   0.3400476242223281E+001   0.0000000000000000E+000
  0.2759614705909372E-008   0.9904521288609518E+000   0.1244558803287292E+001   0.0000000000000000E+000   0.3403505849353470E+001   0.0000000000000000E+000
  0.2775336298347166E-008   0.9907442799697239E+000   0.1246636107265756E+001   0.0000000000000000E+000   0.3406452070597643E+001   0.0000000000000000E+000
  0.2817051434084659E-008   0.9911783740269072E+000   0.1249928693627227E+001   0.0000000000000000E+000   0.3410764586894439E+001   0.0000000000000000E+000
  0.2848894887131705E-008   0.9913921423224645E+000   0.1251691657615424E+001   0.0000000000000000E+000   0.3412852159895968E+001   0.0000000000000000E+000
  0.2891874909340060E-008   0.9916031627593850E+000   0.1253579022694044E+001   0.0000000000000000E+000   0.3414880889211882E+001   0.0000000000000000E+000
  0.2929685443333516E-008   0.9917401046621932E+000   0.1254919856493958E+001   0.0000000000000000E+000   0.3416175091364048E+001   0.0000000000000000E+000
  0.2977850573235269E-008   0.9918750510084768E+000   0.1256371329700127E+001   0.0000000000000000E+000   0.3417427500777506E+001   0.0000000000000000E+000
  0.3041697200970821E-008   0.9920074767446203E+000   0.1257969254458694E+001   0.0000000000000000E+000   0.3418626904203396E+001   0.0000000000000000E+000
  0.3127164642821978E-008   0.9921367061876127E+000   0.1259728852014874E+001   0.0000000000000000E+000   0.3419758747774322E+001   0.0000000000000000E+000
  0.3176353936493366E-008   0.9921998646257904E+000   0.1260641106377122E+001   0.0000000000000000E+000   0.3420294465615731E+001   0.0000000000000000E+000
  0.3225891499289118E-008   0.9922620328423801E+000   0.1261526252099850E+001   0.0000000000000000E+000   0.3420809291432749E+001   0.0000000000000000E+000
  0.3271635693366385E-008   0.9923232699148294E+000   0.1262340485559682E+001   0.0000000000000000E+000   0.3421304397126293E+001   0.0000000000000000E+000
  0.3310459032205059E-008   0.9923837094718886E+000   0.1263056320271033E+001   0.0000000000000000E+000   0.3421782364745690E+001   0.0000000000000000E+000
  0.3341968808506688E-008   0.9924435388731643E+000   0.1263678721717946E+001   0.0000000000000000E+000   0.3422246411885580E+001   0.0000000000000000E+000
  0.3367139107832011E-008   0.9925028587309801E+000   0.1264223973472451E+001   0.0000000000000000E+000   0.3422698855211963E+001   0.0000000000000000E+000
  0.3387147391774596E-008   0.9925617775373489E+000   0.1264708199752325E+001   0.0000000000000000E+000   0.3423141758035159E+001   0.0000000000000000E+000
  0.3402523375525949E-008   0.9926203817357137E+000   0.1265143676160403E+001   0.0000000000000000E+000   0.3423576729591415E+001   0.0000000000000000E+000
  0.3408770215602716E-008   0.9926491046988795E+000   0.1265342818689433E+001   0.0000000000000000E+000   0.3423788099234076E+001   0.0000000000000000E+000
  0.3414347651458336E-008   0.9926777758888281E+000   0.1265533386254258E+001   0.0000000000000000E+000   0.3423997988602463E+001   0.0000000000000000E+000
  0.3419177208469576E-008   0.9927064018284119E+000   0.1265716174798973E+001   0.0000000000000000E+000   0.3424206511309217E+001   0.0000000000000000E+000
  0.3423415536861994E-008   0.9927349885220935E+000   0.1265891861902387E+001   0.0000000000000000E+000   0.3424413770402417E+001   0.0000000000000000E+000
  0.3430094762791268E-008   0.9927920606147991E+000   0.1266224176297661E+001   0.0000000000000000E+000   0.3424824826094774E+001   0.0000000000000000E+000
  0.3434333725530676E-008   0.9928490373692302E+000   0.1266534044066858E+001   0.0000000000000000E+000   0.3425231841897418E+001   0.0000000000000000E+000
  0.3436677512015952E-008   0.9929059538476003E+000   0.1266824415677166E+001   0.0000000000000000E+000   0.3425635364950628E+001   0.0000000000000000E+000
  0.3436993701399377E-008   0.9929628411643314E+000   0.1267097779085608E+001   0.0000000000000000E+000   0.3426035844586485E+001   0.0000000000000000E+000
  0.3436228969755064E-008   0.9930197272213286E+000   0.1267356300071995E+001   0.0000000000000000E+000   0.3426433683910483E+001   0.0000000000000000E+000
  0.3430237942287960E-008   0.9931335708541095E+000   0.1267835650093783E+001   0.0000000000000000E+000   0.3427222626326203E+001   0.0000000000000000E+000
  0.3418868385437174E-008   0.9932476830996861E+000   0.1268273252986009E+001   0.0000000000000000E+000   0.3428004498088890E+001   0.0000000000000000E+000
  0.3407742706760697E-008   0.9933330090795296E+000   0.1268577171980720E+001   0.0000000000000000E+000   0.3428583723663372E+001   0.0000000000000000E+000
  0.3394965699331758E-008   0.9934175536070925E+000   0.1268861828666356E+001   0.0000000000000000E+000   0.3429153339614647E+001   0.0000000000000000E+000
  0.3375436418362431E-008   0.9935307907058116E+000   0.1269221414309373E+001   0.0000000000000000E+000   0.3429909864127398E+001   0.0000000000000000E+000
  0.3341405607455991E-008   0.9937019347728957E+000   0.1269726593206025E+001   0.0000000000000000E+000   0.3431039930201795E+001   0.0000000000000000E+000
  0.3288523466564362E-008   0.9939323751834407E+000   0.1270351350535692E+001   0.0000000000000000E+000   0.3432537067884441E+001   0.0000000000000000E+000
  0.3237336848061942E-008   0.9941351871356393E+000   0.1270863440545521E+001   0.0000000000000000E+000   0.3433831910939065E+001   0.0000000000000000E+000
  0.3183228532236197E-008   0.9943393136456680E+000   0.1271354999461478E+001   0.0000000000000000E+000   0.3435113690460365E+001   0.0000000000000000E+000
  0.3118207004729421E-008   0.9945769047379969E+000   0.1271907770729042E+001   0.0000000000000000E+000   0.3436578296851024E+001   0.0000000000000000E+000
  0.3051443053063705E-008   0.9948163641820965E+000   0.1272451469796055E+001   0.0000000000000000E+000   0.3438024180237716E+001   0.0000000000000000E+000
  0.3000692009765079E-008   0.9949970097457793E+000   0.1272855847006851E+001   0.0000000000000000E+000   0.3439094401591698E+001   0.0000000000000000E+000
  0.2949206980783332E-008   0.9951797945336880E+000   0.1273261666839214E+001   0.0000000000000000E+000   0.3440158873761811E+001   0.0000000000000000E+000
  0.2897806343186380E-008   0.9953621066215506E+000   0.1273662511861850E+001   0.0000000000000000E+000   0.3441201642785197E+001   0.0000000000000000E+000
  0.2813459530199744E-008   0.9956643990450988E+000   0.1274313718829640E+001   0.0000000000000000E+000   0.3442888184160106E+001   0.0000000000000000E+000
  0.2741537329023628E-008   0.9959030133121459E+000   0.1274814245468152E+001   0.0000000000000000E+000   0.3444179664501957E+001   0.0000000000000000E+000
  0.2705151803766146E-008   0.9960248271611293E+000   0.1275068366344986E+001   0.0000000000000000E+000   0.3444824479275240E+001   0.0000000000000000E+000
  0.2652979225923141E-008   0.9962104639672776E+000   0.1275460465305972E+001   0.0000000000000000E+000   0.3445788038397624E+001   0.0000000000000000E+000
  0.2601320373892545E-008   0.9963947147096741E+000   0.1275852685807346E+001   0.0000000000000000E+000   0.3446720942656210E+001   0.0000000000000000E+000
  0.2506837265408970E-008   0.9967338997557016E+000   0.1276571514905609E+001   0.0000000000000000E+000   0.3448373465055310E+001   0.0000000000000000E+000
  0.2447321230112719E-008   0.9969424802217832E+000   0.1277005650778997E+001   0.0000000000000000E+000   0.3449345325534570E+001   0.0000000000000000E+000
  0.2422315625119020E-008   0.9970288144682310E+000   0.1277181737888313E+001   0.0000000000000000E+000   0.3449737151005818E+001   0.0000000000000000E+000
  0.2370358670946945E-008   0.9972037607796413E+000   0.1277532611736164E+001   0.0000000000000000E+000   0.3450511658440523E+001   0.0000000000000000E+000
  0.2292535779949709E-008   0.9974645065334051E+000   0.1278050078176146E+001   0.0000000000000000E+000   0.3451615326360079E+001   0.0000000000000000E+000
  0.2234452013687236E-008   0.9976615973448950E+000   0.1278438481695455E+001   0.0000000000000000E+000   0.3452407317941475E+001   0.0000000000000000E+000
  0.2202020033359834E-008   0.9977706037415721E+000   0.1278652667194855E+001   0.0000000000000000E+000   0.3452829012979715E+001   0.0000000000000000E+000
  0.2159657270601788E-008   0.9979133582994342E+000   0.1278933032204161E+001   0.0000000000000000E+000   0.3453362939236715E+001   0.0000000000000000E+000
  0.2106261959564587E-008   0.9980949388756387E+000   0.1279289316946411E+001   0.0000000000000000E+000   0.3454010981465186E+001   0.0000000000000000E+000
  0.2065421011567921E-008   0.9982343640846002E+000   0.1279562163302185E+001   0.0000000000000000E+000   0.3454484044488235E+001   0.0000000000000000E+000
  0.2030250293327591E-008   0.9983526298916187E+000   0.1279792602033956E+001   0.0000000000000000E+000   0.3454867958834812E+001   0.0000000000000000E+000
  0.1988958635998032E-008   0.9984903515370931E+000   0.1280059859020692E+001   0.0000000000000000E+000   0.3455294226268624E+001   0.0000000000000000E+000
  0.1912220146075205E-008   0.9987461474259868E+000   0.1280556045626926E+001   0.0000000000000000E+000   0.3456023940706462E+001   0.0000000000000000E+000
  0.1854079565338286E-008   0.9989396324723754E+000   0.1280933020616232E+001   0.0000000000000000E+000   0.3456519634657789E+001   0.0000000000000000E+000
  0.1801235137584341E-008   0.9991160039389857E+000   0.1281278416091098E+001   0.0000000000000000E+000   0.3456927029084600E+001   0.0000000000000000E+000
  0.1762616639356374E-008   0.9992421451632042E+000   0.1281526380806137E+001   0.0000000000000000E+000   0.3457191303212214E+001   0.0000000000000000E+000
  0.1712007385194246E-008   0.9994042384722249E+000   0.1281847741126579E+001   0.0000000000000000E+000   0.3457496396216505E+001   0.0000000000000000E+000
  0.1657203064312272E-008   0.9995825804176608E+000   0.1282208896277493E+001   0.0000000000000000E+000   0.3457785521887529E+001   0.0000000000000000E+000
  0.1631876338762615E-008   0.9996695481969667E+000   0.1282388592294427E+001   0.0000000000000000E+000   0.3457908247506576E+001   0.0000000000000000E+000
  0.1589393142215292E-008   0.9998215190676681E+000   0.1282708157701526E+001   0.0000000000000000E+000   0.3458093044406543E+001   0.0000000000000000E+000
  0.1562476606289234E-008   0.9999172002541067E+000   0.1282912671942973E+001   0.0000000000000000E+000   0.3458189508611381E+001   0.0000000000000000E+000
  0.1551615874833812E-008   0.9999563001143180E+000   0.1282996995613882E+001   0.0000000000000000E+000   0.3458224402734055E+001   0.0000000000000000E+000
  0.1547266720197019E-008   0.9999721126170174E+000   0.1283031224681301E+001   0.0000000000000000E+000   0.3458237759917162E+001   0.0000000000000000E+000
  0.1544134232509337E-008   0.9999835106394414E+000   0.1283055943546884E+001   0.0000000000000000E+000   0.3458247117195015E+001   0.0000000000000000E+000
  0.1542328300588988E-008   0.9999900873565509E+000   0.1283070223675792E+001   0.0000000000000000E+000   0.3458252412862646E+001   0.0000000000000000E+000
  0.1541478516971723E-008   0.9999931835325893E+000   0.1283076950809418E+001   0.0000000000000000E+000   0.3458254879676205E+001   0.0000000000000000E+000
  0.1540538181943397E-008   0.9999966107000543E+000   0.1283084400358763E+001   0.0000000000000000E+000   0.3458257590568177E+001   0.0000000000000000E+000
  0.1540123327884297E-008   0.9999981230355062E+000   0.1283087688777040E+001   0.0000000000000000E+000   0.3458258780262649E+001   0.0000000000000000E+000
  0.1539947571212897E-008   0.9999987638205392E+000   0.1283089082300265E+001   0.0000000000000000E+000   0.3458259283130035E+001   0.0000000000000000E+000
  0.1539812661529580E-008   0.9999992557103992E+000   0.1283090152100876E+001   0.0000000000000000E+000   0.3458259668659420E+001   0.0000000000000000E+000
  0.1539728187449541E-008   0.9999995637202972E+000   0.1283090822021023E+001   0.0000000000000000E+000   0.3458259909852231E+001   0.0000000000000000E+000
  0.1539685036272579E-008   0.9999997210619503E+000   0.1283091164249140E+001   0.0000000000000000E+000   0.3458260032997112E+001   0.0000000000000000E+000
  0.1539658842516150E-008   0.9999998165731361E+000   0.1283091371995590E+001   0.0000000000000000E+000   0.3458260107728574E+001   0.0000000000000000E+000
  0.1539646160795777E-008   0.9999998628152498E+000   0.1283091472577805E+001   0.0000000000000000E+000   0.3458260143904338E+001   0.0000000000000000E+000
  0.1539632136451723E-008   0.9999999139532927E+000   0.1283091583809992E+001   0.0000000000000000E+000   0.3458260183905867E+001   0.0000000000000000E+000
  0.1539621528931647E-008   0.9999999526324727E+000   0.1283091667942968E+001   0.0000000000000000E+000   0.3458260214158689E+001   0.0000000000000000E+000
  0.1539615986798805E-008   0.9999999728413161E+000   0.1283091711900388E+001   0.0000000000000000E+000   0.3458260229963938E+001   0.0000000000000000E+000
  0.1539613439846280E-008   0.9999999821285430E+000   0.1283091732101610E+001   0.0000000000000000E+000   0.3458260237227197E+001   0.0000000000000000E+000
  0.1539611382690969E-008   0.9999999896297780E+000   0.1283091748418028E+001   0.0000000000000000E+000   0.3458260243093575E+001   0.0000000000000000E+000
  0.1539610207173070E-008   0.9999999939162016E+000   0.1283091757741712E+001   0.0000000000000000E+000   0.3458260246445750E+001   0.0000000000000000E+000
  0.1539609658189756E-008   0.9999999959180244E+000   0.1283091762096010E+001   0.0000000000000000E+000   0.3458260248011253E+001   0.0000000000000000E+000
  0.1539609109206364E-008   0.9999999979198435E+000   0.1283091766450303E+001   0.0000000000000000E+000   0.3458260249576746E+001   0.0000000000000000E+000
  0.1539608745938484E-008   0.9999999992444657E+000   0.1283091769331579E+001   0.0000000000000000E+000   0.3458260250612644E+001   0.0000000000000000E+000
  0.1539608603080334E-008   0.9999999997653893E+000   0.1283091770464675E+001   0.0000000000000000E+000   0.3458260251020023E+001   0.0000000000000000E+000
  0.1539608554865689E-008   0.9999999999412025E+000   0.1283091770847098E+001   0.0000000000000000E+000   0.3458260251157514E+001   0.0000000000000000E+000
  0.1539608541855395E-008   0.9999999999886421E+000   0.1283091770950287E+001   0.0000000000000000E+000   0.3458260251194614E+001   0.0000000000000000E+000
