                                                                                                                                                                                                                                                                
                        1                         2                         3                         4
                        l                      n_pg                 Re(omega)                 Im(omega)
                        1                        -2   0.1646728026217751E+001   0.0000000000000000E+000
                        1                         2                         3                         4                         5                         6
                      rho                         x                  Re(xi_h)                  Im(xi_h)                  Re(xi_r)                  Im(xi_r)
  0.4315196615838821E-005   0.5000000000000000E-001  -0.3032129086837394E+002   0.0000000000000000E+000   0.1716411273947157E-018   0.0000000000000000E+000
  0.4284530492470438E-005   0.5011676473564231E-001  -0.3014764048992743E+002   0.0000000000000000E+000  -0.1410220989608345E+000   0.0000000000000000E+000
  0.3932043502280075E-005   0.5169102437218658E-001  -0.7000762968385231E+001   0.0000000000000000E+000  -0.1400613928281444E+001   0.0000000000000000E+000
  0.3815218018626315E-005   0.5253619447392825E-001   0.3500968125793201E+001   0.0000000000000000E+000  -0.1425230463570102E+001   0.0000000000000000E+000
  0.3709767965917525E-005   0.5337690746757043E-001   0.6445243108492104E+001   0.0000000000000000E+000  -0.1246066392220580E+001   0.0000000000000000E+000
  0.3620735733645485E-005   0.5416287919785381E-001   0.5792449412464793E+001   0.0000000000000000E+000  -0.1056653838711480E+001   0.0000000000000000E+000
  0.3547867465232072E-005   0.5494242803448363E-001   0.4437732697698171E+001   0.0000000000000000E+000  -0.9057435049118373E+000   0.0000000000000000E+000
  0.3472686265912020E-005   0.5571629361123732E-001   0.3511689178805773E+001   0.0000000000000000E+000  -0.7922953763538665E+000   0.0000000000000000E+000
  0.3396784532599128E-005   0.5648566925036116E-001   0.3202113410734170E+001   0.0000000000000000E+000  -0.6975120137656571E+000   0.0000000000000000E+000
  0.3309240962193584E-005   0.5740291258290349E-001   0.2968247240681380E+001   0.0000000000000000E+000  -0.5941285639015140E+000   0.0000000000000000E+000
  0.3229242784100223E-005   0.5831424259740067E-001   0.2507062035813997E+001   0.0000000000000000E+000  -0.5039997129396669E+000   0.0000000000000000E+000
  0.3154712966429485E-005   0.5931805766861036E-001   0.1966017112043634E+001   0.0000000000000000E+000  -0.4251843579780234E+000   0.0000000000000000E+000
  0.3079552887577528E-005   0.6031008885552592E-001   0.1711465264458966E+001   0.0000000000000000E+000  -0.3631019949181575E+000   0.0000000000000000E+000
  0.2979891502456223E-005   0.6129715908787866E-001   0.1606773638369441E+001   0.0000000000000000E+000  -0.3069510023345379E+000   0.0000000000000000E+000
  0.2906087601103825E-005   0.6228675558310664E-001   0.1245936037129366E+001   0.0000000000000000E+000  -0.2584410987516491E+000   0.0000000000000000E+000
  0.2877132808967251E-005   0.6287230655613055E-001   0.9104474459548959E+000   0.0000000000000000E+000  -0.2373356077855507E+000   0.0000000000000000E+000
  0.2841697107339846E-005   0.6345375848753011E-001   0.6518434750937232E+000   0.0000000000000000E+000  -0.2224185288022877E+000   0.0000000000000000E+000
  0.2764625970030802E-005   0.6460832549970935E-001   0.4673100976292405E+000   0.0000000000000000E+000  -0.2014503251982029E+000   0.0000000000000000E+000
  0.2701192867057430E-005   0.6556314098622458E-001   0.4263798369313275E+000   0.0000000000000000E+000  -0.1873429327760034E+000   0.0000000000000000E+000
  0.2639838598999939E-005   0.6651236342581614E-001   0.4092296406560732E+000   0.0000000000000000E+000  -0.1743144492998844E+000   0.0000000000000000E+000
  0.2581222327273596E-005   0.6745614307367964E-001   0.3952565043015524E+000   0.0000000000000000E+000  -0.1620293081989203E+000   0.0000000000000000E+000
  0.2525026737537709E-005   0.6839456116525081E-001   0.3824315887004824E+000   0.0000000000000000E+000  -0.1504106360828609E+000   0.0000000000000000E+000
  0.2460834000702427E-005   0.6951209517504016E-001   0.3684369459471806E+000   0.0000000000000000E+000  -0.1372870120934115E+000   0.0000000000000000E+000
  0.2399939147954698E-005   0.7062217977890115E-001   0.3557846235333860E+000   0.0000000000000000E+000  -0.1249529908158928E+000   0.0000000000000000E+000
  0.2337279600534104E-005   0.7181568190307831E-001   0.3434340950347287E+000   0.0000000000000000E+000  -0.1124029117658330E+000   0.0000000000000000E+000
  0.2278427287510636E-005   0.7300077266369798E-001   0.3323275696274322E+000   0.0000000000000000E+000  -0.1006050149884869E+000   0.0000000000000000E+000
  0.2250087752912342E-005   0.7359007089120663E-001   0.3271978400861374E+000   0.0000000000000000E+000  -0.9496606924666481E-001   0.0000000000000000E+000
  0.2222096501087104E-005   0.7417732775682766E-001   0.3223283368549030E+000   0.0000000000000000E+000  -0.8948815190787955E-001   0.0000000000000000E+000
  0.2168163565359815E-005   0.7534606379100194E-001   0.3133099761113405E+000   0.0000000000000000E+000  -0.7898224841523407E-001   0.0000000000000000E+000
  0.2121179394148878E-005   0.7641650606179630E-001   0.3057747973125986E+000   0.0000000000000000E+000  -0.6979104928393355E-001   0.0000000000000000E+000
  0.2075830336526581E-005   0.7748031686409472E-001   0.2989114761754423E+000   0.0000000000000000E+000  -0.6103341238712809E-001   0.0000000000000000E+000
  0.2012042575258920E-005   0.7906289070118547E-001   0.2897403434498141E+000   0.0000000000000000E+000  -0.4864096038162870E-001   0.0000000000000000E+000
  0.1981766773030806E-005   0.7984851874284990E-001   0.2856080515254968E+000   0.0000000000000000E+000  -0.4274968862813115E-001   0.0000000000000000E+000
  0.1952198995835139E-005   0.8063062759411783E-001   0.2805834494260555E+000   0.0000000000000000E+000  -0.3705035537822746E-001   0.0000000000000000E+000
  0.1917044450228101E-005   0.8166653757424071E-001   0.2628487471914041E+000   0.0000000000000000E+000  -0.2987601859305487E-001   0.0000000000000000E+000
  0.1893180625800220E-005   0.8269273437552015E-001   0.2156647080350577E+000   0.0000000000000000E+000  -0.2367318481666222E-001   0.0000000000000000E+000
  0.1889099267257767E-005   0.8370176898494847E-001   0.1396825039270382E+000   0.0000000000000000E+000  -0.1919664350789725E-001   0.0000000000000000E+000
  0.1893138560688374E-005   0.8468614302314914E-001   0.6302433084880994E-001   0.0000000000000000E+000  -0.1674627048277062E-001   0.0000000000000000E+000
  0.1892679767843701E-005   0.8508811203049646E-001   0.3848702578739922E-001   0.0000000000000000E+000  -0.1623686681342772E-001   0.0000000000000000E+000
  0.1886177035439222E-005   0.8548705242205570E-001   0.2607194915369006E-001   0.0000000000000000E+000  -0.1590762458519326E-001   0.0000000000000000E+000
  0.1863189218503380E-005   0.8628014223469674E-001   0.1896491514486059E-001   0.0000000000000000E+000  -0.1543770797678024E-001   0.0000000000000000E+000
  0.1810382754142631E-005   0.8785616464646513E-001   0.1590956842032671E-001   0.0000000000000000E+000  -0.1468634292041540E-001   0.0000000000000000E+000
  0.1770462043160020E-005   0.8908758463076834E-001   0.1508024571748403E-001   0.0000000000000000E+000  -0.1415487965366657E-001   0.0000000000000000E+000
  0.1732104136930495E-005   0.9031230727023716E-001   0.1439083282434319E-001   0.0000000000000000E+000  -0.1365594853547051E-001   0.0000000000000000E+000
  0.1695382764200686E-005   0.9153045540096236E-001   0.1374788879004812E-001   0.0000000000000000E+000  -0.1318634646419003E-001   0.0000000000000000E+000
  0.1659761299412790E-005   0.9274214880195104E-001   0.1314760913868247E-001   0.0000000000000000E+000  -0.1274373325741313E-001   0.0000000000000000E+000
  0.1594420174719499E-005   0.9510623600926939E-001   0.1207795535769378E-001   0.0000000000000000E+000  -0.1194420526223281E-001   0.0000000000000000E+000
  0.1564921955475690E-005   0.9623997217711684E-001   0.1160803262490754E-001   0.0000000000000000E+000  -0.1158821384384496E-001   0.0000000000000000E+000
  0.1536092376478709E-005   0.9736828056306771E-001   0.1116544966100830E-001   0.0000000000000000E+000  -0.1125009960148055E-001   0.0000000000000000E+000
  0.1502900934948732E-005   0.9871344839088596E-001   0.1066816844688380E-001   0.0000000000000000E+000  -0.1086672240315400E-001   0.0000000000000000E+000
  0.1471148418920774E-005   0.1000511032250253E+000   0.1020397434097937E-001   0.0000000000000000E+000  -0.1050533549854138E-001   0.0000000000000000E+000
  0.1440712837499240E-005   0.1013794721051292E+000   0.9770598235701280E-002   0.0000000000000000E+000  -0.1016469005324572E-001   0.0000000000000000E+000
  0.1411479392173204E-005   0.1027006415419810E+000   0.9364781766797683E-002   0.0000000000000000E+000  -0.9842693854952372E-002   0.0000000000000000E+000
  0.1383375883179598E-005   0.1040147514812005E+000   0.8984226587808982E-002   0.0000000000000000E+000  -0.9537942431922365E-002   0.0000000000000000E+000
  0.1356377393533186E-005   0.1053219381255795E+000   0.8626866304667684E-002   0.0000000000000000E+000  -0.9249163367343403E-002   0.0000000000000000E+000
  0.1333281031434889E-005   0.1064758848020478E+000   0.8327755076168031E-002   0.0000000000000000E+000  -0.9005417795318662E-002   0.0000000000000000E+000
  0.1310812046672143E-005   0.1076245777908003E+000   0.8044250750875403E-002   0.0000000000000000E+000  -0.8772594326237934E-002   0.0000000000000000E+000
  0.1278484757877235E-005   0.1093356984396564E+000   0.7646433290081315E-002   0.0000000000000000E+000  -0.8442789833781219E-002   0.0000000000000000E+000
  0.1247766552279650E-005   0.1110355124240890E+000   0.7277998053334137E-002   0.0000000000000000E+000  -0.8133919045742814E-002   0.0000000000000000E+000
  0.1213692104927916E-005   0.1130015293765803E+000   0.6882111955947770E-002   0.0000000000000000E+000  -0.7798118425237996E-002   0.0000000000000000E+000
  0.1181768965184017E-005   0.1149530042267417E+000   0.6518277014337694E-002   0.0000000000000000E+000  -0.7485681824114417E-002   0.0000000000000000E+000
  0.1168584977358349E-005   0.1157830609601534E+000   0.6371631986092579E-002   0.0000000000000000E+000  -0.7358660054679272E-002   0.0000000000000000E+000
  0.1155521333670811E-005   0.1166105651872527E+000   0.6229972330756248E-002   0.0000000000000000E+000  -0.7235336394928564E-002   0.0000000000000000E+000
  0.1130279713943428E-005   0.1182583217443348E+000   0.5960670193966934E-002   0.0000000000000000E+000  -0.6999145362786914E-002   0.0000000000000000E+000
  0.1112203192442229E-005   0.1194859624596875E+000   0.5770445873880980E-002   0.0000000000000000E+000  -0.6830870385101846E-002   0.0000000000000000E+000
  0.1094486419709975E-005   0.1207081704810448E+000   0.5589333902202104E-002   0.0000000000000000E+000  -0.6669500753278990E-002   0.0000000000000000E+000
  0.1060468247898358E-005   0.1231350087604142E+000   0.5252380206099651E-002   0.0000000000000000E+000  -0.6366113545262742E-002   0.0000000000000000E+000
  0.1024094665649205E-005   0.1259354509300704E+000   0.4897499644671152E-002   0.0000000000000000E+000  -0.6041822548236788E-002   0.0000000000000000E+000
  0.1006832486343106E-005   0.1273230656058355E+000   0.4733847442419694E-002   0.0000000000000000E+000  -0.5890514687168310E-002   0.0000000000000000E+000
  0.9899456877009421E-006   0.1287041172989800E+000   0.4578349120038501E-002   0.0000000000000000E+000  -0.5745658388873582E-002   0.0000000000000000E+000
  0.9680412197174964E-006   0.1305344704420228E+000   0.4382880212818766E-002   0.0000000000000000E+000  -0.5561988982129095E-002   0.0000000000000000E+000
  0.9275403600406029E-006   0.1341538139144749E+000   0.4028708034928083E-002   0.0000000000000000E+000  -0.5224420088759075E-002   0.0000000000000000E+000
  0.9085940321359324E-006   0.1359454874314149E+000   0.3867771574407364E-002   0.0000000000000000E+000  -0.5068835790061122E-002   0.0000000000000000E+000
  0.8802272208180285E-006   0.1387359556917437E+000   0.3634071629998045E-002   0.0000000000000000E+000  -0.4840288309911725E-002   0.0000000000000000E+000
  0.8655168251825282E-006   0.1402451098440370E+000   0.3515622257408283E-002   0.0000000000000000E+000  -0.4723190250015306E-002   0.0000000000000000E+000
  0.8435691254600749E-006   0.1425555147152857E+000   0.3344187842046077E-002   0.0000000000000000E+000  -0.4552121728135175E-002   0.0000000000000000E+000
  0.8216359111172599E-006   0.1449678567048053E+000   0.3177007882633530E-002   0.0000000000000000E+000  -0.4383375713035270E-002   0.0000000000000000E+000
  0.7940671184695117E-006   0.1481580767485365E+000   0.2972720271641385E-002   0.0000000000000000E+000  -0.4174409247217500E-002   0.0000000000000000E+000
  0.7724568637777375E-006   0.1508259764157196E+000   0.2815167804380132E-002   0.0000000000000000E+000  -0.4011008660103594E-002   0.0000000000000000E+000
  0.7629706304180001E-006   0.1520295198382011E+000   0.2747732620177474E-002   0.0000000000000000E+000  -0.3940435619239332E-002   0.0000000000000000E+000
  0.7535825032900160E-006   0.1532289359141539E+000   0.2682649542372708E-002   0.0000000000000000E+000  -0.3871946885849569E-002   0.0000000000000000E+000
  0.7335817962612863E-006   0.1558511551354378E+000   0.2547324547898638E-002   0.0000000000000000E+000  -0.3728298731116882E-002   0.0000000000000000E+000
  0.7098482613521061E-006   0.1591537436492700E+000   0.2389439380319943E-002   0.0000000000000000E+000  -0.3558442216889806E-002   0.0000000000000000E+000
  0.6907398959400601E-006   0.1619514570891695E+000   0.2265630888152846E-002   0.0000000000000000E+000  -0.3423405633251008E-002   0.0000000000000000E+000
  0.6726101818641100E-006   0.1647285610489696E+000   0.2150921591608716E-002   0.0000000000000000E+000  -0.3296733954798945E-002   0.0000000000000000E+000
  0.6610436743792787E-006   0.1665640491087567E+000   0.2079245147630648E-002   0.0000000000000000E+000  -0.3216768646397912E-002   0.0000000000000000E+000
  0.6497073091294922E-006   0.1683909562726868E+000   0.2010961886968374E-002   0.0000000000000000E+000  -0.3139972564472362E-002   0.0000000000000000E+000
  0.6279964197086112E-006   0.1720089551247765E+000   0.1884095611534642E-002   0.0000000000000000E+000  -0.2995586662590563E-002   0.0000000000000000E+000
  0.6031560364205368E-006   0.1764733360293103E+000   0.1741433839670273E-002   0.0000000000000000E+000  -0.2830334017286792E-002   0.0000000000000000E+000
  0.5869359256482265E-006   0.1795556905653393E+000   0.1650963742515868E-002   0.0000000000000000E+000  -0.2723783547059016E-002   0.0000000000000000E+000
  0.5714230680290986E-006   0.1826162570131882E+000   0.1566995422219290E-002   0.0000000000000000E+000  -0.2623552729676890E-002   0.0000000000000000E+000
  0.5587736842392966E-006   0.1852112524500415E+000   0.1500021104541835E-002   0.0000000000000000E+000  -0.2542606345511595E-002   0.0000000000000000E+000
  0.5465398416480339E-006   0.1877914812130910E+000   0.1436990986631685E-002   0.0000000000000000E+000  -0.2465552359369891E-002   0.0000000000000000E+000
  0.5311089498405463E-006   0.1912036867740733E+000   0.1358690479515892E-002   0.0000000000000000E+000  -0.2368554718716057E-002   0.0000000000000000E+000
  0.5237381492850386E-006   0.1928928286089258E+000   0.1321921334737832E-002   0.0000000000000000E+000  -0.2322480721697709E-002   0.0000000000000000E+000
  0.5164482473112848E-006   0.1945760891617307E+000   0.1286517160180724E-002   0.0000000000000000E+000  -0.2277780101454093E-002   0.0000000000000000E+000
  0.5025296401597907E-006   0.1979164779614380E+000   0.1219712066669666E-002   0.0000000000000000E+000  -0.2192476751747565E-002   0.0000000000000000E+000
  0.4958418403771180E-006   0.1995730747965056E+000   0.1188194120368264E-002   0.0000000000000000E+000  -0.2151767546609461E-002   0.0000000000000000E+000
  0.4828299432115880E-006   0.2028661780937060E+000   0.1128503618015016E-002   0.0000000000000000E+000  -0.2073792684625016E-002   0.0000000000000000E+000
  0.4705372246203768E-006   0.2061290208520773E+000   0.1073003460730190E-002   0.0000000000000000E+000  -0.2000176087413440E-002   0.0000000000000000E+000
  0.4588418931315811E-006   0.2093625454808972E+000   0.1021309387197970E-002   0.0000000000000000E+000  -0.1930549041503090E-002   0.0000000000000000E+000
  0.4504249899618366E-006   0.2117665636922810E+000   0.9848674752028904E-003   0.0000000000000000E+000  -0.1880796771757335E-002   0.0000000000000000E+000
  0.4422164325795987E-006   0.2141604920972254E+000   0.9501647197920741E-003   0.0000000000000000E+000  -0.1832864273216020E-002   0.0000000000000000E+000
  0.4317412964641766E-006   0.2173245205986456E+000   0.9065852380878239E-003   0.0000000000000000E+000  -0.1771844578309103E-002   0.0000000000000000E+000
  0.4241676101951470E-006   0.2196765666452475E+000   0.8757811736928107E-003   0.0000000000000000E+000  -0.1728112829813905E-002   0.0000000000000000E+000
  0.4120778210067852E-006   0.2235688934612906E+000   0.8275862992823186E-003   0.0000000000000000E+000  -0.1658602806573726E-002   0.0000000000000000E+000
  0.4051682205547168E-006   0.2258844778335621E+000   0.8004630936618607E-003   0.0000000000000000E+000  -0.1618847038000557E-002   0.0000000000000000E+000
  0.3983554629372658E-006   0.2281918653397046E+000   0.7745171443396232E-003   0.0000000000000000E+000  -0.1580350885769180E-002   0.0000000000000000E+000
  0.3854499752420477E-006   0.2327570283565238E+000   0.7261657515717669E-003   0.0000000000000000E+000  -0.1507284216802423E-002   0.0000000000000000E+000
  0.3793233993564429E-006   0.2350203150345795E+000   0.7035761355839535E-003   0.0000000000000000E+000  -0.1472497519306327E-002   0.0000000000000000E+000
  0.3732721221196283E-006   0.2372764556892376E+000   0.6819145429790457E-003   0.0000000000000000E+000  -0.1438715154246918E-002   0.0000000000000000E+000
  0.3626239351539531E-006   0.2413695346517933E+000   0.6446789391522482E-003   0.0000000000000000E+000  -0.1379585854971837E-002   0.0000000000000000E+000
  0.3526357502116092E-006   0.2454261023000002E+000   0.6102284874370044E-003   0.0000000000000000E+000  -0.1323556507531809E-002   0.0000000000000000E+000
  0.3473664689373751E-006   0.2476238124442643E+000   0.5925188020469116E-003   0.0000000000000000E+000  -0.1294204556376946E-002   0.0000000000000000E+000
  0.3404455280117760E-006   0.2505386647177751E+000   0.5700066525241245E-003   0.0000000000000000E+000  -0.1256302310720410E-002   0.0000000000000000E+000
  0.3274668914299772E-006   0.2562973820918531E+000   0.5285897746132128E-003   0.0000000000000000E+000  -0.1184646669755727E-002   0.0000000000000000E+000
  0.3213337428192417E-006   0.2591543399044524E+000   0.5094496968685732E-003   0.0000000000000000E+000  -0.1150581182904562E-002   0.0000000000000000E+000
  0.3153621867466945E-006   0.2619830339137180E+000   0.4913566185410563E-003   0.0000000000000000E+000  -0.1117758303012823E-002   0.0000000000000000E+000
  0.3095641880041246E-006   0.2648035049553466E+000   0.4741246542479609E-003   0.0000000000000000E+000  -0.1085884392237046E-002   0.0000000000000000E+000
  0.3039609093411136E-006   0.2675940533636689E+000   0.4578321366701654E-003   0.0000000000000000E+000  -0.1055147292291927E-002   0.0000000000000000E+000
  0.2971547933351142E-006   0.2710616256349307E+000   0.4385825642916907E-003   0.0000000000000000E+000  -0.1018003476042246E-002   0.0000000000000000E+000
  0.2873738839042825E-006   0.2762303535865734E+000   0.4118105794473012E-003   0.0000000000000000E+000  -0.9646622028219228E-003   0.0000000000000000E+000
  0.2770732535709117E-006   0.2820136247356035E+000   0.3843738756635145E-003   0.0000000000000000E+000  -0.9076280615883911E-003   0.0000000000000000E+000
  0.2712853946475535E-006   0.2853831992395207E+000   0.3695235778341091E-003   0.0000000000000000E+000  -0.8755881423824956E-003   0.0000000000000000E+000
  0.2645928864213244E-006   0.2893919910012573E+000   0.3528710847677370E-003   0.0000000000000000E+000  -0.8385315847451442E-003   0.0000000000000000E+000
  0.2602508857378838E-006   0.2920514587778376E+000   0.3424017721716110E-003   0.0000000000000000E+000  -0.8145501751401736E-003   0.0000000000000000E+000
  0.2519524627805007E-006   0.2973141690837720E+000   0.3229621183759619E-003   0.0000000000000000E+000  -0.7684211753898520E-003   0.0000000000000000E+000
  0.2479699385198969E-006   0.2999311381267484E+000   0.3138955910059690E-003   0.0000000000000000E+000  -0.7461025560480288E-003   0.0000000000000000E+000
  0.2421341861494914E-006   0.3038204567983160E+000   0.3011152752672563E-003   0.0000000000000000E+000  -0.7136465120864867E-003   0.0000000000000000E+000
  0.2347378614383529E-006   0.3089654163652009E+000   0.2854145610658028E-003   0.0000000000000000E+000  -0.6719440479793494E-003   0.0000000000000000E+000
  0.2294664420949166E-006   0.3127884819203078E+000   0.2745844544018471E-003   0.0000000000000000E+000  -0.6418043921873343E-003   0.0000000000000000E+000
  0.2260125676311482E-006   0.3153269261641675E+000   0.2677668144980872E-003   0.0000000000000000E+000  -0.6221678963260513E-003   0.0000000000000000E+000
  0.2193800145317041E-006   0.3203583892373066E+000   0.2550886255336086E-003   0.0000000000000000E+000  -0.5840805003696483E-003   0.0000000000000000E+000
  0.2161854725900055E-006   0.3228506521143520E+000   0.2492019702025577E-003   0.0000000000000000E+000  -0.5656038026761437E-003   0.0000000000000000E+000
  0.2099957762513382E-006   0.3278109515011217E+000   0.2382183396441064E-003   0.0000000000000000E+000  -0.5295484909391647E-003   0.0000000000000000E+000
  0.2069999628239797E-006   0.3302782790766270E+000   0.2331030509497900E-003   0.0000000000000000E+000  -0.5119520027449396E-003   0.0000000000000000E+000
  0.2012121805819249E-006   0.3351706488534951E+000   0.2236079003426547E-003   0.0000000000000000E+000  -0.4776826644492493E-003   0.0000000000000000E+000
  0.1984147424603150E-006   0.3375999214161609E+000   0.2192005069953417E-003   0.0000000000000000E+000  -0.4609581997423160E-003   0.0000000000000000E+000
  0.1929602208221575E-006   0.3424224469480965E+000   0.2110250088267683E-003   0.0000000000000000E+000  -0.4282950944830808E-003   0.0000000000000000E+000
  0.1877686044180164E-006   0.3472129716504832E+000   0.2036236354767856E-003   0.0000000000000000E+000  -0.3965130257069152E-003   0.0000000000000000E+000
  0.1833898864834363E-006   0.3513634580309836E+000   0.1977599518260019E-003   0.0000000000000000E+000  -0.3694743228830630E-003   0.0000000000000000E+000
  0.1779750487972785E-006   0.3566635511836388E+000   0.1909724550238512E-003   0.0000000000000000E+000  -0.3355678225308784E-003   0.0000000000000000E+000
  0.1736881899388858E-006   0.3610331977427134E+000   0.1859368448405617E-003   0.0000000000000000E+000  -0.3080997329927923E-003   0.0000000000000000E+000
  0.1713196068655845E-006   0.3634958685642349E+000   0.1833119719749432E-003   0.0000000000000000E+000  -0.2928000215491644E-003   0.0000000000000000E+000
  0.1689633636265069E-006   0.3659590806600431E+000   0.1808350236713521E-003   0.0000000000000000E+000  -0.2776208609520530E-003   0.0000000000000000E+000
  0.1633900281847770E-006   0.3719685712829607E+000   0.1753906039344132E-003   0.0000000000000000E+000  -0.2410775309834296E-003   0.0000000000000000E+000
  0.1599815029022758E-006   0.3757962032784619E+000   0.1723469687709122E-003   0.0000000000000000E+000  -0.2181390076252841E-003   0.0000000000000000E+000
  0.1566387115335226E-006   0.3796268337972180E+000   0.1696156744974940E-003   0.0000000000000000E+000  -0.1954248432612746E-003   0.0000000000000000E+000
  0.1537544454340275E-006   0.3829970475996975E+000   0.1674634919438103E-003   0.0000000000000000E+000  -0.1756285617056795E-003   0.0000000000000000E+000
  0.1495861895063901E-006   0.3880114110891012E+000   0.1646782580543694E-003   0.0000000000000000E+000  -0.1464767873127342E-003   0.0000000000000000E+000
  0.1469024111785709E-006   0.3913339054584606E+000   0.1630972158258197E-003   0.0000000000000000E+000  -0.1273458721690617E-003   0.0000000000000000E+000
  0.1438403944451576E-006   0.3951908193371317E+000   0.1615159052610187E-003   0.0000000000000000E+000  -0.1053087107312186E-003   0.0000000000000000E+000
  0.1404503008030085E-006   0.3995655360617639E+000   0.1600409556977616E-003   0.0000000000000000E+000  -0.8051907284991826E-004   0.0000000000000000E+000
  0.1364005681213559E-006   0.4049850141648724E+000   0.1586639426215128E-003   0.0000000000000000E+000  -0.5008571474075606E-004   0.0000000000000000E+000
  0.1340324842637293E-006   0.4082280872166678E+000   0.1580691984672066E-003   0.0000000000000000E+000  -0.3200727600638383E-004   0.0000000000000000E+000
  0.1302277169883386E-006   0.4135752790155595E+000   0.1574481145834722E-003   0.0000000000000000E+000  -0.2395537937515306E-005   0.0000000000000000E+000
  0.1280281396843750E-006   0.4167490066852465E+000   0.1572844319105926E-003   0.0000000000000000E+000   0.1507486766997203E-004   0.0000000000000000E+000
  0.1245261320427128E-006   0.4218898882394353E+000   0.1573310471514219E-003   0.0000000000000000E+000   0.4322563610586279E-004   0.0000000000000000E+000
  0.1206703163932754E-006   0.4277876887657858E+000   0.1578417512238460E-003   0.0000000000000000E+000   0.7532271733832486E-004   0.0000000000000000E+000
  0.1180337974749083E-006   0.4319489428752937E+000   0.1584846788992369E-003   0.0000000000000000E+000   0.9785973622564204E-004   0.0000000000000000E+000
  0.1157772369724573E-006   0.4355650222938212E+000   0.1592267953741799E-003   0.0000000000000000E+000   0.1173808420678531E-003   0.0000000000000000E+000
  0.1126718949496227E-006   0.4406930236091348E+000   0.1605623936061923E-003   0.0000000000000000E+000   0.1449777241347964E-003   0.0000000000000000E+000
  0.1111626322418309E-006   0.4432364134921983E+000   0.1613448866246821E-003   0.0000000000000000E+000   0.1586331959695188E-003   0.0000000000000000E+000
  0.1084929556813562E-006   0.4478062863485717E+000   0.1629450758898234E-003   0.0000000000000000E+000   0.1831246433427174E-003   0.0000000000000000E+000
  0.1062076914308124E-006   0.4518344908339045E+000   0.1645575460963131E-003   0.0000000000000000E+000   0.2046747190678975E-003   0.0000000000000000E+000
  0.1039803451480208E-006   0.4558381292827167E+000   0.1663425197954037E-003   0.0000000000000000E+000   0.2260665684321624E-003   0.0000000000000000E+000
  0.1015630057878120E-006   0.4603053648595496E+000   0.1685431022040474E-003   0.0000000000000000E+000   0.2499137565603382E-003   0.0000000000000000E+000
  0.1001186786793168E-006   0.4630201911716677E+000   0.1699857090866607E-003   0.0000000000000000E+000   0.2643993563619651E-003   0.0000000000000000E+000
  0.9766757557795830E-007   0.4676912912743198E+000   0.1726497242747776E-003   0.0000000000000000E+000   0.2893185355681100E-003   0.0000000000000000E+000
  0.9470073292500401E-007   0.4735615808071356E+000   0.1763157334366370E-003   0.0000000000000000E+000   0.3206419721024532E-003   0.0000000000000000E+000
  0.9279642249282675E-007   0.4774366906551781E+000   0.1789248471155110E-003   0.0000000000000000E+000   0.3413333587379643E-003   0.0000000000000000E+000
  0.9093517887114302E-007   0.4812895223745988E+000   0.1816644591814034E-003   0.0000000000000000E+000   0.3619236272010609E-003   0.0000000000000000E+000
  0.8912388583055457E-007   0.4851203828955522E+000   0.1845295322424876E-003   0.0000000000000000E+000   0.3824195491142562E-003   0.0000000000000000E+000
  0.8736122433849225E-007   0.4889105064480854E+000   0.1875000478705028E-003   0.0000000000000000E+000   0.4027252841433628E-003   0.0000000000000000E+000
  0.8479617996544503E-007   0.4945992777552709E+000   0.1922068830350242E-003   0.0000000000000000E+000   0.4332659719627453E-003   0.0000000000000000E+000
  0.8356057046555316E-007   0.4974099659793925E+000   0.1946404960515464E-003   0.0000000000000000E+000   0.4483878600011461E-003   0.0000000000000000E+000
  0.8233101994218552E-007   0.5002303702360372E+000   0.1971531504542811E-003   0.0000000000000000E+000   0.4635861859909365E-003   0.0000000000000000E+000
  0.8074344865656111E-007   0.5039366627534406E+000   0.2005612277583504E-003   0.0000000000000000E+000   0.4835981955294152E-003   0.0000000000000000E+000
  0.7918229027635582E-007   0.5076605647380794E+000   0.2041053027294704E-003   0.0000000000000000E+000   0.5037550548367552E-003   0.0000000000000000E+000
  0.7766715084950968E-007   0.5113454077286803E+000   0.2077286870622358E-003   0.0000000000000000E+000   0.5237539595875714E-003   0.0000000000000000E+000
  0.7618893152277747E-007   0.5150103987748818E+000   0.2114458963083472E-003   0.0000000000000000E+000   0.5437020653475392E-003   0.0000000000000000E+000
  0.7475378205217594E-007   0.5186368921062956E+000   0.2152338665968210E-003   0.0000000000000000E+000   0.5635005863487717E-003   0.0000000000000000E+000
  0.7333787751605725E-007   0.5222817367027028E+000   0.2191496983936294E-003   0.0000000000000000E+000   0.5834633955742590E-003   0.0000000000000000E+000
  0.7188572700512046E-007   0.5260919587340970E+000   0.2233583137722899E-003   0.0000000000000000E+000   0.6044049946700966E-003   0.0000000000000000E+000
  0.7045851248189249E-007   0.5299232811880465E+000   0.2277074870495376E-003   0.0000000000000000E+000   0.6255425121152889E-003   0.0000000000000000E+000
  0.6947599736987946E-007   0.5325894073862600E+000   0.2308027222841293E-003   0.0000000000000000E+000   0.6403013169815411E-003   0.0000000000000000E+000
  0.6723997225925649E-007   0.5388063104394220E+000   0.2382365930878416E-003   0.0000000000000000E+000   0.6748836350500864E-003   0.0000000000000000E+000
  0.6601279782297300E-007   0.5423270419190598E+000   0.2425797180350309E-003   0.0000000000000000E+000   0.6945783389357182E-003   0.0000000000000000E+000
  0.6481427850400093E-007   0.5458086966864224E+000   0.2469682935891688E-003   0.0000000000000000E+000   0.7141372920780966E-003   0.0000000000000000E+000
  0.6363320863842402E-007   0.5493098231713359E+000   0.2514746757807406E-003   0.0000000000000000E+000   0.7338921066757704E-003   0.0000000000000000E+000
  0.6276680789277540E-007   0.5519035299255134E+000   0.2548730807074229E-003   0.0000000000000000E+000   0.7485847907373833E-003   0.0000000000000000E+000
  0.6079400269020950E-007   0.5579501984044134E+000   0.2629922966333940E-003   0.0000000000000000E+000   0.7830369858734541E-003   0.0000000000000000E+000
  0.5971022541969790E-007   0.5613737641420904E+000   0.2677107740240162E-003   0.0000000000000000E+000   0.8026727064654167E-003   0.0000000000000000E+000
  0.5864768379760863E-007   0.5647616547327563E+000   0.2724659402938361E-003   0.0000000000000000E+000   0.8221996000811543E-003   0.0000000000000000E+000
  0.5708406170085700E-007   0.5698539593230212E+000   0.2797733578921976E-003   0.0000000000000000E+000   0.8517353284199204E-003   0.0000000000000000E+000
  0.5558380851595873E-007   0.5748808296215764E+000   0.2871745514839272E-003   0.0000000000000000E+000   0.8811180349411962E-003   0.0000000000000000E+000
  0.5412256276397363E-007   0.5798982970708968E+000   0.2947470347435398E-003   0.0000000000000000E+000   0.9106790801141721E-003   0.0000000000000000E+000
  0.5271508780882236E-007   0.5848514227538417E+000   0.3024033494723944E-003   0.0000000000000000E+000   0.9400973964476062E-003   0.0000000000000000E+000
  0.5134345077425583E-007   0.5897959786212186E+000   0.3102254389255967E-003   0.0000000000000000E+000   0.9697060917460973E-003   0.0000000000000000E+000
  0.5002576083612054E-007   0.5946772054229053E+000   0.3181226301953312E-003   0.0000000000000000E+000   0.9991788346307834E-003   0.0000000000000000E+000
  0.4916222348639707E-007   0.5979389509462406E+000   0.3234968602616827E-003   0.0000000000000000E+000   0.1019011179727726E-002   0.0000000000000000E+000
  0.4831900573092046E-007   0.6011667769216956E+000   0.3288918880200385E-003   0.0000000000000000E+000   0.1038748053651414E-002   0.0000000000000000E+000
  0.4749777541928938E-007   0.6043608788523652E+000   0.3343057833424076E-003   0.0000000000000000E+000   0.1058388768795347E-002   0.0000000000000000E+000
  0.4668439976845143E-007   0.6075761546683869E+000   0.3398312768171510E-003   0.0000000000000000E+000   0.1078272009368382E-002   0.0000000000000000E+000
  0.4589245437535745E-007   0.6107397246886742E+000   0.3453422777277712E-003   0.0000000000000000E+000   0.1097947007906916E-002   0.0000000000000000E+000
  0.4435420989017174E-007   0.6170591760919660E+000   0.3565720653559378E-003   0.0000000000000000E+000   0.1137587523002217E-002   0.0000000000000000E+000
  0.4360740409419476E-007   0.6202140335200158E+000   0.3622892407894747E-003   0.0000000000000000E+000   0.1157550482951219E-002   0.0000000000000000E+000
  0.4287583398441626E-007   0.6233359265000278E+000   0.3680196015056974E-003   0.0000000000000000E+000   0.1177421177595501E-002   0.0000000000000000E+000
  0.4216306925938975E-007   0.6264250470545384E+000   0.3737615278164212E-003   0.0000000000000000E+000   0.1197199045770469E-002   0.0000000000000000E+000
  0.4145639307561482E-007   0.6295356820267385E+000   0.3796157939884805E-003   0.0000000000000000E+000   0.1217233287846058E-002   0.0000000000000000E+000
  0.4076411902829614E-007   0.6326137482637257E+000   0.3854805995457963E-003   0.0000000000000000E+000   0.1237176961466096E-002   0.0000000000000000E+000
  0.3942612925853096E-007   0.6387277716293001E+000   0.3973428235076818E-003   0.0000000000000000E+000   0.1277152498444483E-002   0.0000000000000000E+000
  0.3877612190488159E-007   0.6417629215527102E+000   0.4033376700383784E-003   0.0000000000000000E+000   0.1297180752367696E-002   0.0000000000000000E+000
  0.3751244202977774E-007   0.6477919721890841E+000   0.4154561782326846E-003   0.0000000000000000E+000   0.1337337681288744E-002   0.0000000000000000E+000
  0.3690499115717607E-007   0.6507673053402394E+000   0.4215408373464474E-003   0.0000000000000000E+000   0.1357342849832324E-002   0.0000000000000000E+000
  0.3629901504105065E-007   0.6537644403513648E+000   0.4277401648582797E-003   0.0000000000000000E+000   0.1377623401810779E-002   0.0000000000000000E+000
  0.3570531148662859E-007   0.6567300667262331E+000   0.4339441467756455E-003   0.0000000000000000E+000   0.1397819943779516E-002   0.0000000000000000E+000
  0.3455569066587249E-007   0.6626214911017383E+000   0.4464763715896177E-003   0.0000000000000000E+000   0.1438332860944288E-002   0.0000000000000000E+000
  0.3399932078064329E-007   0.6655465876746638E+000   0.4528023469405568E-003   0.0000000000000000E+000   0.1458646493392944E-002   0.0000000000000000E+000
  0.3344780929218356E-007   0.6684583683213019E+000   0.4591685254699282E-003   0.0000000000000000E+000   0.1479001919141361E-002   0.0000000000000000E+000
  0.3237963968918513E-007   0.6742432083355525E+000   0.4720224743351155E-003   0.0000000000000000E+000   0.1519849388369723E-002   0.0000000000000000E+000
  0.3186517435027583E-007   0.6770981045163731E+000   0.4784684210072368E-003   0.0000000000000000E+000   0.1540214118112363E-002   0.0000000000000000E+000
  0.3135121861789296E-007   0.6799750821232814E+000   0.4850333288873628E-003   0.0000000000000000E+000   0.1560878383313699E-002   0.0000000000000000E+000
  0.3085286927647284E-007   0.6828042675003080E+000   0.4915574708050594E-003   0.0000000000000000E+000   0.1581341076756099E-002   0.0000000000000000E+000
  0.3035488413251618E-007   0.6856556010038742E+000   0.4982018450112120E-003   0.0000000000000000E+000   0.1602109867128714E-002   0.0000000000000000E+000
  0.2939477095290190E-007   0.6912863103702417E+000   0.5115288165874734E-003   0.0000000000000000E+000   0.1643567737485775E-002   0.0000000000000000E+000
  0.2893192139791673E-007   0.6940652411214957E+000   0.5182080611378887E-003   0.0000000000000000E+000   0.1664255703566715E-002   0.0000000000000000E+000
  0.2846702958695347E-007   0.6968664787665636E+000   0.5250098127272154E-003   0.0000000000000000E+000   0.1685267779015602E-002   0.0000000000000000E+000
  0.2757005594517308E-007   0.7023984405568109E+000   0.5386471337103014E-003   0.0000000000000000E+000   0.1727249973514418E-002   0.0000000000000000E+000
  0.2713697725415597E-007   0.7051288070023508E+000   0.5454793765535828E-003   0.0000000000000000E+000   0.1748221805547284E-002   0.0000000000000000E+000
  0.2670335138058784E-007   0.7078817076492738E+000   0.5524363563381042E-003   0.0000000000000000E+000   0.1769543724808254E-002   0.0000000000000000E+000
  0.2623030667486483E-007   0.7109241996532831E+000   0.5602055492717421E-003   0.0000000000000000E+000   0.1793324293156682E-002   0.0000000000000000E+000
  0.2575730623597597E-007   0.7139954333717403E+000   0.5681342535380692E-003   0.0000000000000000E+000   0.1817570238928850E-002   0.0000000000000000E+000
  0.2494542881049165E-007   0.7193808770894261E+000   0.5822472100242613E-003   0.0000000000000000E+000   0.1860709689782639E-002   0.0000000000000000E+000
  0.2455218716332526E-007   0.7220395614009387E+000   0.5893136142729412E-003   0.0000000000000000E+000   0.1882320734359558E-002   0.0000000000000000E+000
  0.2415665833355521E-007   0.7247213997886058E+000   0.5965080917444029E-003   0.0000000000000000E+000   0.1904344758141557E-002   0.0000000000000000E+000
  0.2338597168321842E-007   0.7300195903612821E+000   0.6109177826522312E-003   0.0000000000000000E+000   0.1948564904166329E-002   0.0000000000000000E+000
  0.2264163079443468E-007   0.7352766626111108E+000   0.6254728638513966E-003   0.0000000000000000E+000   0.1993461814826956E-002   0.0000000000000000E+000
  0.2227813522480578E-007   0.7378732813775888E+000   0.6327561885883970E-003   0.0000000000000000E+000   0.2016047849296237E-002   0.0000000000000000E+000
  0.2191319102680190E-007   0.7404941597402473E+000   0.6401702861099616E-003   0.0000000000000000E+000   0.2039139817540873E-002   0.0000000000000000E+000
  0.2155660116535740E-007   0.7430720473257937E+000   0.6475238542610627E-003   0.0000000000000000E+000   0.2062156991396902E-002   0.0000000000000000E+000
  0.2102484146594253E-007   0.7469518743602164E+000   0.6587044785590995E-003   0.0000000000000000E+000   0.2097399907925896E-002   0.0000000000000000E+000
  0.2050021145072655E-007   0.7508209877424049E+000   0.6699883680370206E-003   0.0000000000000000E+000   0.2133309571062033E-002   0.0000000000000000E+000
  0.1981691109768311E-007   0.7559355908024392E+000   0.6851079528266174E-003   0.0000000000000000E+000   0.2182032036193524E-002   0.0000000000000000E+000
  0.1948213721871906E-007   0.7584650195488568E+000   0.6926703903137582E-003   0.0000000000000000E+000   0.2206683285165520E-002   0.0000000000000000E+000
  0.1898062484377093E-007   0.7622759952039615E+000   0.7041700530697829E-003   0.0000000000000000E+000   0.2244547955726161E-002   0.0000000000000000E+000
  0.1848494822401366E-007   0.7660812734061705E+000   0.7157792514677554E-003   0.0000000000000000E+000   0.2283248080152044E-002   0.0000000000000000E+000
  0.1783835474412442E-007   0.7711188563497424E+000   0.7313444920243987E-003   0.0000000000000000E+000   0.2335881725708739E-002   0.0000000000000000E+000
  0.1752187027884009E-007   0.7736133577767197E+000   0.7391363499303920E-003   0.0000000000000000E+000   0.2362540309918090E-002   0.0000000000000000E+000
  0.1720355603502018E-007   0.7761370814331322E+000   0.7470775024334273E-003   0.0000000000000000E+000   0.2389911712015171E-002   0.0000000000000000E+000
  0.1689232467452665E-007   0.7786231127930467E+000   0.7549582131149493E-003   0.0000000000000000E+000   0.2417265089798463E-002   0.0000000000000000E+000
  0.1642783469628623E-007   0.7823749739055211E+000   0.7669636823608204E-003   0.0000000000000000E+000   0.2459268602620235E-002   0.0000000000000000E+000
  0.1596980650844891E-007   0.7861282203565230E+000   0.7791132300708695E-003   0.0000000000000000E+000   0.2502134218544035E-002   0.0000000000000000E+000
  0.1537513100751831E-007   0.7911069919301604E+000   0.7954560901259608E-003   0.0000000000000000E+000   0.2560246792435856E-002   0.0000000000000000E+000
  0.1508540919617239E-007   0.7935762690628551E+000   0.8036617600965195E-003   0.0000000000000000E+000   0.2589571434768851E-002   0.0000000000000000E+000
  0.1479483933521848E-007   0.7960778370602473E+000   0.8120456948719626E-003   0.0000000000000000E+000   0.2619601326888938E-002   0.0000000000000000E+000
  0.1451218909975179E-007   0.7985440567326596E+000   0.8203836703768528E-003   0.0000000000000000E+000   0.2649508895922122E-002   0.0000000000000000E+000
  0.1422975805232871E-007   0.8010431884308796E+000   0.8289089207737696E-003   0.0000000000000000E+000   0.2680105430612385E-002   0.0000000000000000E+000
  0.1395440238904550E-007   0.8035073553126904E+000   0.8373927087881563E-003   0.0000000000000000E+000   0.2710542472238398E-002   0.0000000000000000E+000
  0.1341427186478938E-007   0.8084682826691892E+000   0.8547183669546803E-003   0.0000000000000000E+000   0.2772556676678035E-002   0.0000000000000000E+000
  0.1314969189915875E-007   0.8109651314021220E+000   0.8635686022804396E-003   0.0000000000000000E+000   0.2804103628141557E-002   0.0000000000000000E+000
  0.1289230097199410E-007   0.8134275098356454E+000   0.8723865762782702E-003   0.0000000000000000E+000   0.2835407946491968E-002   0.0000000000000000E+000
  0.1263602224983778E-007   0.8159241694400712E+000   0.8814225287517593E-003   0.0000000000000000E+000   0.2867318862346976E-002   0.0000000000000000E+000
  0.1238791151002174E-007   0.8183864466953343E+000   0.8904316429475506E-003   0.0000000000000000E+000   0.2898936013987378E-002   0.0000000000000000E+000
  0.1214120234869647E-007   0.8208832385661359E+000   0.8996699013624548E-003   0.0000000000000000E+000   0.2931123536843962E-002   0.0000000000000000E+000
  0.1190165961985312E-007   0.8233456259702974E+000   0.9088866608725355E-003   0.0000000000000000E+000   0.2962962357686221E-002   0.0000000000000000E+000
  0.1143606945646236E-007   0.8283058026426361E+000   0.9277898363955983E-003   0.0000000000000000E+000   0.3027276349787179E-002   0.0000000000000000E+000
  0.1121019432690760E-007   0.8308027579594015E+000   0.9374860703894362E-003   0.0000000000000000E+000   0.3059683522557510E-002   0.0000000000000000E+000
  0.1099149544419834E-007   0.8332648738418628E+000   0.9471725544258690E-003   0.0000000000000000E+000   0.3091616723579052E-002   0.0000000000000000E+000
  0.1077523381661651E-007   0.8357613048165967E+000   0.9571276894328682E-003   0.0000000000000000E+000   0.3123938223043214E-002   0.0000000000000000E+000
  0.1056616417394020E-007   0.8382224327452168E+000   0.9670800665573388E-003   0.0000000000000000E+000   0.3155711240015645E-002   0.0000000000000000E+000
  0.1016230611017005E-007   0.8431776156201103E+000   0.9875596276441546E-003   0.0000000000000000E+000   0.3219255427960581E-002   0.0000000000000000E+000
  0.9875825377059675E-008   0.8468938204617495E+000   0.1003334191438928E-002   0.0000000000000000E+000   0.3266388215139636E-002   0.0000000000000000E+000
  0.9599107835395628E-008   0.8506134583848941E+000   0.1019508086802157E-002   0.0000000000000000E+000   0.3312975268072973E-002   0.0000000000000000E+000
  0.9255188426888685E-008   0.8555454141142583E+000   0.1041591771097005E-002   0.0000000000000000E+000   0.3373641924055734E-002   0.0000000000000000E+000
  0.9091886712765336E-008   0.8579870479293857E+000   0.1052809975090881E-002   0.0000000000000000E+000   0.3403150754264742E-002   0.0000000000000000E+000
  0.8779888969799322E-008   0.8628909857396646E+000   0.1075939577893490E-002   0.0000000000000000E+000   0.3461290305694812E-002   0.0000000000000000E+000
  0.8632486928430603E-008   0.8653499440361377E+000   0.1087849356689394E-002   0.0000000000000000E+000   0.3489874922925660E-002   0.0000000000000000E+000
  0.8489663989726260E-008   0.8677673910849095E+000   0.1099764699925271E-002   0.0000000000000000E+000   0.3517621111941794E-002   0.0000000000000000E+000
  0.8219126742528621E-008   0.8726144251950134E+000   0.1124275308737640E-002   0.0000000000000000E+000   0.3572284686382771E-002   0.0000000000000000E+000
  0.8090226791825918E-008   0.8750407814994936E+000   0.1136860040084401E-002   0.0000000000000000E+000   0.3599230810745741E-002   0.0000000000000000E+000
  0.7904952658364759E-008   0.8786244426000576E+000   0.1155831797765560E-002   0.0000000000000000E+000   0.3638627015314487E-002   0.0000000000000000E+000
  0.7758787384979409E-008   0.8815881605351279E+000   0.1171868814783017E-002   0.0000000000000000E+000   0.3670931850728587E-002   0.0000000000000000E+000
  0.7673266748905617E-008   0.8833578936249623E+000   0.1181595988237266E-002   0.0000000000000000E+000   0.3690137596129573E-002   0.0000000000000000E+000
  0.7588306165129842E-008   0.8851402521866502E+000   0.1191506931450522E-002   0.0000000000000000E+000   0.3709435017826643E-002   0.0000000000000000E+000
  0.7503688144317581E-008   0.8869353135685958E+000   0.1201605073578459E-002   0.0000000000000000E+000   0.3728837955764675E-002   0.0000000000000000E+000
  0.7341497265244545E-008   0.8904499203057750E+000   0.1221719309311770E-002   0.0000000000000000E+000   0.3766783561496117E-002   0.0000000000000000E+000
  0.7187797588369867E-008   0.8939379798845651E+000   0.1242140868255764E-002   0.0000000000000000E+000   0.3804465331703576E-002   0.0000000000000000E+000
  0.7113175965479712E-008   0.8956623534649104E+000   0.1252410048699093E-002   0.0000000000000000E+000   0.3823129153886072E-002   0.0000000000000000E+000
  0.7038646418665517E-008   0.8973982350593924E+000   0.1262866237367431E-002   0.0000000000000000E+000   0.3841952769934448E-002   0.0000000000000000E+000
  0.6965677039524996E-008   0.8991088833785769E+000   0.1273288809377859E-002   0.0000000000000000E+000   0.3860544243891185E-002   0.0000000000000000E+000
  0.6823502345302932E-008   0.9025280963324643E+000   0.1294481718828681E-002   0.0000000000000000E+000   0.3897872265253902E-002   0.0000000000000000E+000
  0.6754231520249497E-008   0.9042358289572008E+000   0.1305250899989982E-002   0.0000000000000000E+000   0.3916615820315967E-002   0.0000000000000000E+000
  0.6686258460308487E-008   0.9059184313325288E+000   0.1315984434576198E-002   0.0000000000000000E+000   0.3935161119518697E-002   0.0000000000000000E+000
  0.6618636023497269E-008   0.9076118552162872E+000   0.1326912173655615E-002   0.0000000000000000E+000   0.3953915474793020E-002   0.0000000000000000E+000
  0.6552678823917541E-008   0.9092802488395406E+000   0.1337802952581726E-002   0.0000000000000000E+000   0.3972491175294931E-002   0.0000000000000000E+000
  0.6487140842582266E-008   0.9109592969375491E+000   0.1348889246560856E-002   0.0000000000000000E+000   0.3991298394459641E-002   0.0000000000000000E+000
  0.6444374886149292E-008   0.9120569838013689E+000   0.1356205310655739E-002   0.0000000000000000E+000   0.4003663306556369E-002   0.0000000000000000E+000
  0.6358999622867606E-008   0.9142664598742278E+000   0.1371092682597982E-002   0.0000000000000000E+000   0.4028749152714123E-002   0.0000000000000000E+000
  0.6316227820561401E-008   0.9153782357092748E+000   0.1378662429188446E-002   0.0000000000000000E+000   0.4041491178020866E-002   0.0000000000000000E+000
  0.6232344361234335E-008   0.9175536186807325E+000   0.1393613195841064E-002   0.0000000000000000E+000   0.4066718850794692E-002   0.0000000000000000E+000
  0.6189918906714841E-008   0.9186484138479259E+000   0.1401198717453369E-002   0.0000000000000000E+000   0.4079597698144988E-002   0.0000000000000000E+000
  0.6104047793273004E-008   0.9208220553026670E+000   0.1416348561456338E-002   0.0000000000000000E+000   0.4105638668119907E-002   0.0000000000000000E+000
  0.6015779414960363E-008   0.9229852894935977E+000   0.1431494298964104E-002   0.0000000000000000E+000   0.4132342834470989E-002   0.0000000000000000E+000
  0.5969792312116800E-008   0.9240752522449678E+000   0.1439129382996248E-002   0.0000000000000000E+000   0.4146163249914524E-002   0.0000000000000000E+000
  0.5875338374553605E-008   0.9262113881797360E+000   0.1454050005135460E-002   0.0000000000000000E+000   0.4174081972161051E-002   0.0000000000000000E+000
  0.5825244405219651E-008   0.9272890634699540E+000   0.1461540732551736E-002   0.0000000000000000E+000   0.4188621595782889E-002   0.0000000000000000E+000
  0.5773370014166332E-008   0.9283736768533830E+000   0.1469044620902455E-002   0.0000000000000000E+000   0.4203579338920831E-002   0.0000000000000000E+000
  0.5666245176504920E-008   0.9305036134362811E+000   0.1483658386054806E-002   0.0000000000000000E+000   0.4233912865185520E-002   0.0000000000000000E+000
  0.5549991224623596E-008   0.9326659958718138E+000   0.1498339359797995E-002   0.0000000000000000E+000   0.4265947493670165E-002   0.0000000000000000E+000
  0.5490711788731259E-008   0.9337300424121739E+000   0.1505515774957430E-002   0.0000000000000000E+000   0.4282127585216848E-002   0.0000000000000000E+000
  0.5429809917765937E-008   0.9348033304354525E+000   0.1512729528038105E-002   0.0000000000000000E+000   0.4298699278320633E-002   0.0000000000000000E+000
  0.5367307823099004E-008   0.9358863908379418E+000   0.1519992060987038E-002   0.0000000000000000E+000   0.4315654082586622E-002   0.0000000000000000E+000
  0.5240208062817186E-008   0.9380525844367633E+000   0.1534509751239649E-002   0.0000000000000000E+000   0.4350161639713382E-002   0.0000000000000000E+000
  0.5175981877127031E-008   0.9391361953158563E+000   0.1541790110950379E-002   0.0000000000000000E+000   0.4367667448892562E-002   0.0000000000000000E+000
  0.5111047685986151E-008   0.9402308879063628E+000   0.1549173583189503E-002   0.0000000000000000E+000   0.4385479307909102E-002   0.0000000000000000E+000
  0.5078365675126565E-008   0.9407825127575860E+000   0.1552909529665658E-002   0.0000000000000000E+000   0.4394494070777412E-002   0.0000000000000000E+000
  0.5045505328544088E-008   0.9413370568789126E+000   0.1556678443659816E-002   0.0000000000000000E+000   0.4403578030607895E-002   0.0000000000000000E+000
  0.4981182425613167E-008   0.9424235159199196E+000   0.1564111520333880E-002   0.0000000000000000E+000   0.4421420123911331E-002   0.0000000000000000E+000
  0.4854449821864248E-008   0.9446313704312097E+000   0.1579484141504453E-002   0.0000000000000000E+000   0.4457731017460488E-002   0.0000000000000000E+000
  0.4792448208586417E-008   0.9457527151518961E+000   0.1587470416506729E-002   0.0000000000000000E+000   0.4476149220516867E-002   0.0000000000000000E+000
  0.4732959274735199E-008   0.9468538899665612E+000   0.1595464204587785E-002   0.0000000000000000E+000   0.4494151461151574E-002   0.0000000000000000E+000
  0.4675248299801709E-008   0.9479661934968135E+000   0.1603723336311232E-002   0.0000000000000000E+000   0.4512204074662616E-002   0.0000000000000000E+000
  0.4619932544243693E-008   0.9490893924423109E+000   0.1612287415570091E-002   0.0000000000000000E+000   0.4530246258919850E-002   0.0000000000000000E+000
  0.4567714875531199E-008   0.9502230625853048E+000   0.1621198066400763E-002   0.0000000000000000E+000   0.4548211716766054E-002   0.0000000000000000E+000
  0.4520460101234822E-008   0.9513342630346359E+000   0.1630224299654739E-002   0.0000000000000000E+000   0.4565536566594142E-002   0.0000000000000000E+000
  0.4476989374616809E-008   0.9524540525504471E+000   0.1639630359245966E-002   0.0000000000000000E+000   0.4582689899315721E-002   0.0000000000000000E+000
  0.4437232398728968E-008   0.9535816201672016E+000   0.1649405793483748E-002   0.0000000000000000E+000   0.4599679900177942E-002   0.0000000000000000E+000
  0.4400318510133144E-008   0.9547162347301470E+000   0.1659495834579709E-002   0.0000000000000000E+000   0.4616606867430230E-002   0.0000000000000000E+000
  0.4365561807998498E-008   0.9558252222445467E+000   0.1669508046585491E-002   0.0000000000000000E+000   0.4633145379435156E-002   0.0000000000000000E+000
  0.4329727135487888E-008   0.9569405290518890E+000   0.1679615858933591E-002   0.0000000000000000E+000   0.4649924778522908E-002   0.0000000000000000E+000
  0.4310916263332776E-008   0.9575007581878636E+000   0.1684675339262951E-002   0.0000000000000000E+000   0.4658473373319962E-002   0.0000000000000000E+000
  0.4291457007923337E-008   0.9580628202014948E+000   0.1689722678963878E-002   0.0000000000000000E+000   0.4667148054372837E-002   0.0000000000000000E+000
  0.4249187759791352E-008   0.9591928868744829E+000   0.1699744636753921E-002   0.0000000000000000E+000   0.4684921070654366E-002   0.0000000000000000E+000
  0.4202384363648865E-008   0.9603000717208384E+000   0.1709392788741385E-002   0.0000000000000000E+000   0.4702771532854471E-002   0.0000000000000000E+000
  0.4177303114188147E-008   0.9608575305435096E+000   0.1714186704835228E-002   0.0000000000000000E+000   0.4711916158709047E-002   0.0000000000000000E+000
  0.4151425913611699E-008   0.9614177474039376E+000   0.1718961085465354E-002   0.0000000000000000E+000   0.4721206952470506E-002   0.0000000000000000E+000
  0.4096248166050996E-008   0.9625470271849764E+000   0.1728464037834169E-002   0.0000000000000000E+000   0.4740220786969003E-002   0.0000000000000000E+000
  0.4035776594426990E-008   0.9636896980325999E+000   0.1737938641050883E-002   0.0000000000000000E+000   0.4759796201485264E-002   0.0000000000000000E+000
  0.4005939126586779E-008   0.9642348282310956E+000   0.1742420911996301E-002   0.0000000000000000E+000   0.4769235995887923E-002   0.0000000000000000E+000
  0.3976188122303107E-008   0.9647725280209146E+000   0.1746821819031852E-002   0.0000000000000000E+000   0.4778604628978362E-002   0.0000000000000000E+000
  0.3915237499610389E-008   0.9658463256794104E+000   0.1755561700798397E-002   0.0000000000000000E+000   0.4797467513524729E-002   0.0000000000000000E+000
  0.3851289079412257E-008   0.9669329308815016E+000   0.1764360025318023E-002   0.0000000000000000E+000   0.4816729548718187E-002   0.0000000000000000E+000
  0.3818502553158081E-008   0.9674822001067861E+000   0.1768797044462700E-002   0.0000000000000000E+000   0.4826521035537027E-002   0.0000000000000000E+000
  0.3785345889377573E-008   0.9680356011944261E+000   0.1773264372244271E-002   0.0000000000000000E+000   0.4836418739314947E-002   0.0000000000000000E+000
  0.3719459248708935E-008   0.9691233292314391E+000   0.1782046561413314E-002   0.0000000000000000E+000   0.4855955053246541E-002   0.0000000000000000E+000
  0.3685836064001533E-008   0.9696736109966372E+000   0.1786494547001462E-002   0.0000000000000000E+000   0.4865872750847048E-002   0.0000000000000000E+000
  0.3651975714328435E-008   0.9702270081260033E+000   0.1790974546586625E-002   0.0000000000000000E+000   0.4875865639411045E-002   0.0000000000000000E+000
  0.3583271518406561E-008   0.9713475201800028E+000   0.1800076349686996E-002   0.0000000000000000E+000   0.4896146120278374E-002   0.0000000000000000E+000
  0.3548460153982956E-008   0.9719149404602168E+000   0.1804705333355963E-002   0.0000000000000000E+000   0.4906433956187572E-002   0.0000000000000000E+000
  0.3479243682614596E-008   0.9730466249523675E+000   0.1813989547411849E-002   0.0000000000000000E+000   0.4926974442828084E-002   0.0000000000000000E+000
  0.3410438207549957E-008   0.9741800457862766E+000   0.1823371311801391E-002   0.0000000000000000E+000   0.4947558064761371E-002   0.0000000000000000E+000
  0.3341391206153797E-008   0.9753339448662270E+000   0.1833022526263387E-002   0.0000000000000000E+000   0.4968504639762349E-002   0.0000000000000000E+000
  0.3306644290964267E-008   0.9759188379575829E+000   0.1837958348949025E-002   0.0000000000000000E+000   0.4979111800483074E-002   0.0000000000000000E+000
  0.3246191261042814E-008   0.9769476777451527E+000   0.1846722427633611E-002   0.0000000000000000E+000   0.4997741159702142E-002   0.0000000000000000E+000
  0.3195554828732550E-008   0.9778295451434598E+000   0.1854325621788513E-002   0.0000000000000000E+000   0.5013670526432894E-002   0.0000000000000000E+000
  0.3154020308413263E-008   0.9785654015613323E+000   0.1860739930331203E-002   0.0000000000000000E+000   0.5026927849001292E-002   0.0000000000000000E+000
  0.3121100333523459E-008   0.9791587322794796E+000   0.1865961902397004E-002   0.0000000000000000E+000   0.5037589962189438E-002   0.0000000000000000E+000
  0.3096417509008354E-008   0.9796073660469093E+000   0.1869942050319593E-002   0.0000000000000000E+000   0.5045633128769050E-002   0.0000000000000000E+000
  0.3055447718590337E-008   0.9803621725555731E+000   0.1876704630109343E-002   0.0000000000000000E+000   0.5059122986478376E-002   0.0000000000000000E+000
  0.3007537502897543E-008   0.9812765705466969E+000   0.1885016675533574E-002   0.0000000000000000E+000   0.5075384158451080E-002   0.0000000000000000E+000
  0.2961415998414611E-008   0.9821932288721698E+000   0.1893492645889220E-002   0.0000000000000000E+000   0.5091583486033463E-002   0.0000000000000000E+000
  0.2918121986790195E-008   0.9831042702841926E+000   0.1902073297348007E-002   0.0000000000000000E+000   0.5107567875048503E-002   0.0000000000000000E+000
  0.2890363609505430E-008   0.9837143260608583E+000   0.1907914786705386E-002   0.0000000000000000E+000   0.5118198514202024E-002   0.0000000000000000E+000
  0.2863785432997662E-008   0.9843294412071197E+000   0.1913889675256469E-002   0.0000000000000000E+000   0.5128851007993660E-002   0.0000000000000000E+000
  0.2850938486498462E-008   0.9846387966376654E+000   0.1916929121862628E-002   0.0000000000000000E+000   0.5134181257908487E-002   0.0000000000000000E+000
  0.2838092448800438E-008   0.9849493529021777E+000   0.1920005046304916E-002   0.0000000000000000E+000   0.5139512203195916E-002   0.0000000000000000E+000
  0.2813681672375462E-008   0.9855696693474318E+000   0.1926227903147664E-002   0.0000000000000000E+000   0.5150094603425516E-002   0.0000000000000000E+000
  0.2791618661250856E-008   0.9861943060202707E+000   0.1932609741904336E-002   0.0000000000000000E+000   0.5160655787584200E-002   0.0000000000000000E+000
  0.2771886213922418E-008   0.9868178959724484E+000   0.1939110175285547E-002   0.0000000000000000E+000   0.5171094426193470E-002   0.0000000000000000E+000
  0.2756423640456461E-008   0.9874267282096759E+000   0.1945598932920665E-002   0.0000000000000000E+000   0.5181175788338864E-002   0.0000000000000000E+000
  0.2749388592028707E-008   0.9877320114963899E+000   0.1948912147212919E-002   0.0000000000000000E+000   0.5186186049208426E-002   0.0000000000000000E+000
  0.2738736655730996E-008   0.9883414619258883E+000   0.1955662877957461E-002   0.0000000000000000E+000   0.5196086370287311E-002   0.0000000000000000E+000
  0.2735677064333579E-008   0.9886450765385104E+000   0.1959103531901132E-002   0.0000000000000000E+000   0.5200964363980585E-002   0.0000000000000000E+000
  0.2733589337793929E-008   0.9889488159209463E+000   0.1962605150175989E-002   0.0000000000000000E+000   0.5205804710066325E-002   0.0000000000000000E+000
  0.2733226856212626E-008   0.9892524987694663E+000   0.1966172843316968E-002   0.0000000000000000E+000   0.5210600657146904E-002   0.0000000000000000E+000
  0.2739019554263785E-008   0.9898559894490263E+000   0.1973504537973422E-002   0.0000000000000000E+000   0.5219984821445207E-002   0.0000000000000000E+000
  0.2747915178877895E-008   0.9901546652052027E+000   0.1977286097451632E-002   0.0000000000000000E+000   0.5224549386138350E-002   0.0000000000000000E+000
  0.2759614705909372E-008   0.9904521288609518E+000   0.1981184236356787E-002   0.0000000000000000E+000   0.5229034900066798E-002   0.0000000000000000E+000
  0.2775336298347166E-008   0.9907442799697239E+000   0.1985175108304785E-002   0.0000000000000000E+000   0.5233369666366644E-002   0.0000000000000000E+000
  0.2817051434084659E-008   0.9911783740269072E+000   0.1991537877057358E-002   0.0000000000000000E+000   0.5239654359548687E-002   0.0000000000000000E+000
  0.2848894887131705E-008   0.9913921423224645E+000   0.1994968756040686E-002   0.0000000000000000E+000   0.5242663254169288E-002   0.0000000000000000E+000
  0.2891874909340060E-008   0.9916031627593850E+000   0.1998664836615902E-002   0.0000000000000000E+000   0.5245557868445338E-002   0.0000000000000000E+000
  0.2929685443333516E-008   0.9917401046621932E+000   0.2001307477988874E-002   0.0000000000000000E+000   0.5247383859205442E-002   0.0000000000000000E+000
  0.2977850573235269E-008   0.9918750510084768E+000   0.2004185483735161E-002   0.0000000000000000E+000   0.5249129650622699E-002   0.0000000000000000E+000
  0.3041697200970821E-008   0.9920074767446203E+000   0.2007374896949236E-002   0.0000000000000000E+000   0.5250773921555243E-002   0.0000000000000000E+000
  0.3127164642821978E-008   0.9921367061876127E+000   0.2010908605813728E-002   0.0000000000000000E+000   0.5252288984422582E-002   0.0000000000000000E+000
  0.3176353936493366E-008   0.9921998646257904E+000   0.2012745594565722E-002   0.0000000000000000E+000   0.5252989079859780E-002   0.0000000000000000E+000
  0.3225891499289118E-008   0.9922620328423801E+000   0.2014526765124149E-002   0.0000000000000000E+000   0.5253649340532856E-002   0.0000000000000000E+000
  0.3271635693366385E-008   0.9923232699148294E+000   0.2016159850162086E-002   0.0000000000000000E+000   0.5254271986715095E-002   0.0000000000000000E+000
  0.3310459032205059E-008   0.9923837094718886E+000   0.2017586835065492E-002   0.0000000000000000E+000   0.5254861849794706E-002   0.0000000000000000E+000
  0.3341968808506688E-008   0.9924435388731643E+000   0.2018817935755787E-002   0.0000000000000000E+000   0.5255424765177720E-002   0.0000000000000000E+000
  0.3367139107832011E-008   0.9925028587309801E+000   0.2019887299810159E-002   0.0000000000000000E+000   0.5255965222833537E-002   0.0000000000000000E+000
  0.3387147391774596E-008   0.9925617775373489E+000   0.2020828726182412E-002   0.0000000000000000E+000   0.5256487060559716E-002   0.0000000000000000E+000
  0.3402523375525949E-008   0.9926203817357137E+000   0.2021667940768869E-002   0.0000000000000000E+000   0.5256993256049581E-002   0.0000000000000000E+000
  0.3408770215602716E-008   0.9926491046988795E+000   0.2022049166657239E-002   0.0000000000000000E+000   0.5257237152612148E-002   0.0000000000000000E+000
  0.3414347651458336E-008   0.9926777758888281E+000   0.2022412408462652E-002   0.0000000000000000E+000   0.5257478069809214E-002   0.0000000000000000E+000
  0.3419177208469576E-008   0.9927064018284119E+000   0.2022759333049753E-002   0.0000000000000000E+000   0.5257716214371053E-002   0.0000000000000000E+000
  0.3423415536861994E-008   0.9927349885220935E+000   0.2023091358811621E-002   0.0000000000000000E+000   0.5257951773066502E-002   0.0000000000000000E+000
  0.3430094762791268E-008   0.9927920606147991E+000   0.2023715416523481E-002   0.0000000000000000E+000   0.5258415750840186E-002   0.0000000000000000E+000
  0.3434333725530676E-008   0.9928490373692302E+000   0.2024292341939733E-002   0.0000000000000000E+000   0.5258871203264807E-002   0.0000000000000000E+000
  0.3436677512015952E-008   0.9929059538476003E+000   0.2024828299730688E-002   0.0000000000000000E+000   0.5259319095971571E-002   0.0000000000000000E+000
  0.3436993701399377E-008   0.9929628411643314E+000   0.2025328485974789E-002   0.0000000000000000E+000   0.5259760203270176E-002   0.0000000000000000E+000
  0.3436228969755064E-008   0.9930197272213286E+000   0.2025797422889637E-002   0.0000000000000000E+000   0.5260195219526804E-002   0.0000000000000000E+000
  0.3430237942287960E-008   0.9931335708541095E+000   0.2026655837421866E-002   0.0000000000000000E+000   0.5261049078270253E-002   0.0000000000000000E+000
  0.3418868385437174E-008   0.9932476830996861E+000   0.2027425989774094E-002   0.0000000000000000E+000   0.5261884324895533E-002   0.0000000000000000E+000
  0.3407742706760697E-008   0.9933330090795296E+000   0.2027952811340349E-002   0.0000000000000000E+000   0.5262496388100630E-002   0.0000000000000000E+000
  0.3394965699331758E-008   0.9934175536070925E+000   0.2028440103895112E-002   0.0000000000000000E+000   0.5263092919228029E-002   0.0000000000000000E+000
  0.3375436418362431E-008   0.9935307907058116E+000   0.2029047116087169E-002   0.0000000000000000E+000   0.5263877137881437E-002   0.0000000000000000E+000
  0.3341405607455991E-008   0.9937019347728957E+000   0.2029883879199855E-002   0.0000000000000000E+000   0.5265031709485542E-002   0.0000000000000000E+000
  0.3288523466564362E-008   0.9939323751834407E+000   0.2030893712046584E-002   0.0000000000000000E+000   0.5266530081889311E-002   0.0000000000000000E+000
  0.3237336848061942E-008   0.9941351871356393E+000   0.2031702860309345E-002   0.0000000000000000E+000   0.5267796499848161E-002   0.0000000000000000E+000
  0.3183228532236197E-008   0.9943393136456680E+000   0.2032466916551830E-002   0.0000000000000000E+000   0.5269021965551794E-002   0.0000000000000000E+000
  0.3118207004729421E-008   0.9945769047379969E+000   0.2033315263224743E-002   0.0000000000000000E+000   0.5270385839446884E-002   0.0000000000000000E+000
  0.3051443053063705E-008   0.9948163641820965E+000   0.2034141813769608E-002   0.0000000000000000E+000   0.5271691306148671E-002   0.0000000000000000E+000
  0.3000692009765079E-008   0.9949970097457793E+000   0.2034753026048691E-002   0.0000000000000000E+000   0.5272629226244194E-002   0.0000000000000000E+000
  0.2949206980783332E-008   0.9951797945336880E+000   0.2035364291880070E-002   0.0000000000000000E+000   0.5273536202628352E-002   0.0000000000000000E+000
  0.2897806343186380E-008   0.9953621066215506E+000   0.2035965577533322E-002   0.0000000000000000E+000   0.5274397605615112E-002   0.0000000000000000E+000
  0.2813459530199744E-008   0.9956643990450988E+000   0.2036934027372165E-002   0.0000000000000000E+000   0.5275729075192292E-002   0.0000000000000000E+000
  0.2741537329023628E-008   0.9959030133121459E+000   0.2037669818368164E-002   0.0000000000000000E+000   0.5276689469899840E-002   0.0000000000000000E+000
  0.2705151803766146E-008   0.9960248271611293E+000   0.2038042411508718E-002   0.0000000000000000E+000   0.5277146788965721E-002   0.0000000000000000E+000
  0.2652979225923141E-008   0.9962104639672776E+000   0.2038620228501480E-002   0.0000000000000000E+000   0.5277800283399451E-002   0.0000000000000000E+000
  0.2601320373892545E-008   0.9963947147096741E+000   0.2039199970489487E-002   0.0000000000000000E+000   0.5278395562038448E-002   0.0000000000000000E+000
  0.2506837265408970E-008   0.9967338997557016E+000   0.2040260072948630E-002   0.0000000000000000E+000   0.5279344058722723E-002   0.0000000000000000E+000
  0.2447321230112719E-008   0.9969424802217832E+000   0.2040895132186487E-002   0.0000000000000000E+000   0.5279826637721786E-002   0.0000000000000000E+000
  0.2422315625119020E-008   0.9970288144682310E+000   0.2041150370313691E-002   0.0000000000000000E+000   0.5280002696208594E-002   0.0000000000000000E+000
  0.2370358670946945E-008   0.9972037607796413E+000   0.2041655007467740E-002   0.0000000000000000E+000   0.5280315286174062E-002   0.0000000000000000E+000
  0.2292535779949709E-008   0.9974645065334051E+000   0.2042395382818736E-002   0.0000000000000000E+000   0.5280666319660894E-002   0.0000000000000000E+000
  0.2234452013687236E-008   0.9976615973448950E+000   0.2042949068588797E-002   0.0000000000000000E+000   0.5280835976474311E-002   0.0000000000000000E+000
  0.2202020033359834E-008   0.9977706037415721E+000   0.2043253901447389E-002   0.0000000000000000E+000   0.5280892820816023E-002   0.0000000000000000E+000
  0.2159657270601788E-008   0.9979133582994342E+000   0.2043652750761847E-002   0.0000000000000000E+000   0.5280925788635425E-002   0.0000000000000000E+000
  0.2106261959564587E-008   0.9980949388756387E+000   0.2044159244999916E-002   0.0000000000000000E+000   0.5280897352962692E-002   0.0000000000000000E+000
  0.2065421011567921E-008   0.9982343640846002E+000   0.2044546532076710E-002   0.0000000000000000E+000   0.5280820029248835E-002   0.0000000000000000E+000
  0.2030250293327591E-008   0.9983526298916187E+000   0.2044872878739911E-002   0.0000000000000000E+000   0.5280715192828541E-002   0.0000000000000000E+000
  0.1988958635998032E-008   0.9984903515370931E+000   0.2045250546061585E-002   0.0000000000000000E+000   0.5280546076773287E-002   0.0000000000000000E+000
  0.1912220146075205E-008   0.9987461474259868E+000   0.2045951344391965E-002   0.0000000000000000E+000   0.5280091830492541E-002   0.0000000000000000E+000
  0.1854079565338286E-008   0.9989396324723754E+000   0.2046484696575641E-002   0.0000000000000000E+000   0.5279621118912183E-002   0.0000000000000000E+000
  0.1801235137584341E-008   0.9991160039389857E+000   0.2046974409804562E-002   0.0000000000000000E+000   0.5279091635122449E-002   0.0000000000000000E+000
  0.1762616639356374E-008   0.9992421451632042E+000   0.2047326521863466E-002   0.0000000000000000E+000   0.5278651765746971E-002   0.0000000000000000E+000
  0.1712007385194246E-008   0.9994042384722249E+000   0.2047784572825319E-002   0.0000000000000000E+000   0.5278008634966430E-002   0.0000000000000000E+000
  0.1657203064312272E-008   0.9995825804176608E+000   0.2048304248906202E-002   0.0000000000000000E+000   0.5277195962019433E-002   0.0000000000000000E+000
  0.1631876338762615E-008   0.9996695481969667E+000   0.2048565098525079E-002   0.0000000000000000E+000   0.5276758441400554E-002   0.0000000000000000E+000
  0.1589393142215292E-008   0.9998215190676681E+000   0.2049032446691830E-002   0.0000000000000000E+000   0.5275926969835552E-002   0.0000000000000000E+000
  0.1562476606289234E-008   0.9999172002541067E+000   0.2049333561626379E-002   0.0000000000000000E+000   0.5275358603923252E-002   0.0000000000000000E+000
  0.1551615874833812E-008   0.9999563001143180E+000   0.2049458164985887E-002   0.0000000000000000E+000   0.5275116131024105E-002   0.0000000000000000E+000
  0.1547266720197019E-008   0.9999721126170174E+000   0.2049508820441653E-002   0.0000000000000000E+000   0.5275016369477819E-002   0.0000000000000000E+000
  0.1544134232509337E-008   0.9999835106394414E+000   0.2049545428924725E-002   0.0000000000000000E+000   0.5274943847816072E-002   0.0000000000000000E+000
  0.1542328300588988E-008   0.9999900873565509E+000   0.2049566587892764E-002   0.0000000000000000E+000   0.5274901768860641E-002   0.0000000000000000E+000
  0.1541478516971723E-008   0.9999931835325893E+000   0.2049576558109686E-002   0.0000000000000000E+000   0.5274881899723678E-002   0.0000000000000000E+000
  0.1540538181943397E-008   0.9999966107000543E+000   0.2049587600938783E-002   0.0000000000000000E+000   0.5274859862216278E-002   0.0000000000000000E+000
  0.1540123327884297E-008   0.9999981230355062E+000   0.2049592476165733E-002   0.0000000000000000E+000   0.5274850122727505E-002   0.0000000000000000E+000
  0.1539947571212897E-008   0.9999987638205392E+000   0.2049594542245313E-002   0.0000000000000000E+000   0.5274845993314919E-002   0.0000000000000000E+000
  0.1539812661529580E-008   0.9999992557103992E+000   0.2049596128412119E-002   0.0000000000000000E+000   0.5274842822322598E-002   0.0000000000000000E+000
  0.1539728187449541E-008   0.9999995637202972E+000   0.2049597121707381E-002   0.0000000000000000E+000   0.5274840836232733E-002   0.0000000000000000E+000
  0.1539685036272579E-008   0.9999997210619503E+000   0.2049597629137720E-002   0.0000000000000000E+000   0.5274839821527001E-002   0.0000000000000000E+000
  0.1539658842516150E-008   0.9999998165731361E+000   0.2049597937170756E-002   0.0000000000000000E+000   0.5274839205521731E-002   0.0000000000000000E+000
  0.1539646160795777E-008   0.9999998628152498E+000   0.2049598086308145E-002   0.0000000000000000E+000   0.5274838907267365E-002   0.0000000000000000E+000
  0.1539632136451723E-008   0.9999999139532927E+000   0.2049598251237115E-002   0.0000000000000000E+000   0.5274838577425145E-002   0.0000000000000000E+000
  0.1539621528931647E-008   0.9999999526324727E+000   0.2049598375985166E-002   0.0000000000000000E+000   0.5274838327936145E-002   0.0000000000000000E+000
  0.1539615986798805E-008   0.9999999728413161E+000   0.2049598441163069E-002   0.0000000000000000E+000   0.5274838197582412E-002   0.0000000000000000E+000
  0.1539613439846280E-008   0.9999999821285430E+000   0.2049598471116473E-002   0.0000000000000000E+000   0.5274838137676179E-002   0.0000000000000000E+000
  0.1539611382690969E-008   0.9999999896297780E+000   0.2049598495309687E-002   0.0000000000000000E+000   0.5274838089290043E-002   0.0000000000000000E+000
  0.1539610207173070E-008   0.9999999939162016E+000   0.2049598509134409E-002   0.0000000000000000E+000   0.5274838061640696E-002   0.0000000000000000E+000
  0.1539609658189756E-008   0.9999999959180244E+000   0.2049598515590761E-002   0.0000000000000000E+000   0.5274838048728020E-002   0.0000000000000000E+000
  0.1539609109206364E-008   0.9999999979198435E+000   0.2049598522047103E-002   0.0000000000000000E+000   0.5274838035815353E-002   0.0000000000000000E+000
  0.1539608745938484E-008   0.9999999992444657E+000   0.2049598526319326E-002   0.0000000000000000E+000   0.5274838027270912E-002   0.0000000000000000E+000
  0.1539608603080334E-008   0.9999999997653893E+000   0.2049598527999429E-002   0.0000000000000000E+000   0.5274838023910706E-002   0.0000000000000000E+000
  0.1539608554865689E-008   0.9999999999412025E+000   0.2049598528566469E-002   0.0000000000000000E+000   0.5274838022776627E-002   0.0000000000000000E+000
  0.1539608541855395E-008   0.9999999999886421E+000   0.2049598528719472E-002   0.0000000000000000E+000   0.5274838022470620E-002   0.0000000000000000E+000
