                                                                                                                                                                                                                                                                
                        1                         2                         3                         4
                        l                      n_pg                 Re(omega)                 Im(omega)
                        6                        -2   0.2543933718821084E+001   0.0000000000000000E+000
                        1                         2                         3                         4                         5                         6
                      rho                         x                  Re(xi_h)                  Im(xi_h)                  Re(xi_r)                  Im(xi_r)
  0.4315196615838821E-005   0.5000000000000000E-001   0.3056662067407094E-009   0.0000000000000000E+000  -0.2319736130972266E-024   0.0000000000000000E+000
  0.4284530492470438E-005   0.5011676473564231E-001   0.4062124534714150E-009   0.0000000000000000E+000   0.3479541404056953E-010   0.0000000000000000E+000
  0.3932043502280075E-005   0.5169102437218658E-001  -0.3975862805660555E-009   0.0000000000000000E+000   0.9132535759396815E-010   0.0000000000000000E+000
  0.3815218018626315E-005   0.5253619447392825E-001  -0.4032006396025223E-010   0.0000000000000000E+000  -0.7280718371584448E-010   0.0000000000000000E+000
  0.3709767965917525E-005   0.5337690746757043E-001   0.1331669058581916E-009   0.0000000000000000E+000  -0.2742947497512421E-010   0.0000000000000000E+000
  0.3620735733645485E-005   0.5416287919785381E-001   0.1106320763117215E-009   0.0000000000000000E+000   0.4808286115191776E-010   0.0000000000000000E+000
  0.3547867465232072E-005   0.5494242803448363E-001   0.7468600671771336E-010   0.0000000000000000E+000   0.9907484456155921E-010   0.0000000000000000E+000
  0.3472686265912020E-005   0.5571629361123732E-001   0.5975952447924231E-010   0.0000000000000000E+000   0.1333980960405276E-009   0.0000000000000000E+000
  0.3396784532599128E-005   0.5648566925036116E-001   0.5833293778935132E-010   0.0000000000000000E+000   0.1626681777983755E-009   0.0000000000000000E+000
  0.3309240962193584E-005   0.5740291258290349E-001   0.6029889703593680E-010   0.0000000000000000E+000   0.1968493928615083E-009   0.0000000000000000E+000
  0.3229242784100223E-005   0.5831424259740067E-001   0.6763368594735700E-010   0.0000000000000000E+000   0.2322798964361322E-009   0.0000000000000000E+000
  0.3154712966429485E-005   0.5931805766861036E-001   0.8494872522623238E-010   0.0000000000000000E+000   0.2786547197510947E-009   0.0000000000000000E+000
  0.3079552887577528E-005   0.6031008885552592E-001   0.1002649663405441E-009   0.0000000000000000E+000   0.3355954710014230E-009   0.0000000000000000E+000
  0.2979891502456223E-005   0.6129715908787866E-001   0.1128192070578300E-009   0.0000000000000000E+000   0.3976800033716226E-009   0.0000000000000000E+000
  0.2906087601103825E-005   0.6228675558310664E-001   0.1810776664477616E-009   0.0000000000000000E+000   0.4795906591279267E-009   0.0000000000000000E+000
  0.2877132808967251E-005   0.6287230655613055E-001   0.2786187190519641E-009   0.0000000000000000E+000   0.5612842677357265E-009   0.0000000000000000E+000
  0.2841697107339846E-005   0.6345375848753011E-001   0.3920290271010233E-009   0.0000000000000000E+000   0.6842185552581142E-009   0.0000000000000000E+000
  0.2764625970030802E-005   0.6460832549970935E-001   0.5351529898928474E-009   0.0000000000000000E+000   0.1022398131400557E-008   0.0000000000000000E+000
  0.2701192867057430E-005   0.6556314098622458E-001   0.5906699863877458E-009   0.0000000000000000E+000   0.1354058875735785E-008   0.0000000000000000E+000
  0.2639838598999939E-005   0.6651236342581614E-001   0.6235061215763235E-009   0.0000000000000000E+000   0.1700112450279078E-008   0.0000000000000000E+000
  0.2581222327273596E-005   0.6745614307367964E-001   0.6601757126997416E-009   0.0000000000000000E+000   0.2055963147597808E-008   0.0000000000000000E+000
  0.2525026737537709E-005   0.6839456116525081E-001   0.7044085268074216E-009   0.0000000000000000E+000   0.2424845985079848E-008   0.0000000000000000E+000
  0.2460834000702427E-005   0.6951209517504016E-001   0.7669907858906657E-009   0.0000000000000000E+000   0.2888858260248013E-008   0.0000000000000000E+000
  0.2399939147954698E-005   0.7062217977890115E-001   0.8397831719714724E-009   0.0000000000000000E+000   0.3381834202675417E-008   0.0000000000000000E+000
  0.2337279600534104E-005   0.7181568190307831E-001   0.9299778289182923E-009   0.0000000000000000E+000   0.3953700040411789E-008   0.0000000000000000E+000
  0.2278427287510636E-005   0.7300077266369798E-001   0.1032044254648517E-008   0.0000000000000000E+000   0.4570672269320471E-008   0.0000000000000000E+000
  0.2250087752912342E-005   0.7359007089120663E-001   0.1087557029505676E-008   0.0000000000000000E+000   0.4897618304505890E-008   0.0000000000000000E+000
  0.2222096501087104E-005   0.7417732775682766E-001   0.1146096996799943E-008   0.0000000000000000E+000   0.5237744876057481E-008   0.0000000000000000E+000
  0.2168163565359815E-005   0.7534606379100194E-001   0.1272429948116273E-008   0.0000000000000000E+000   0.5960094423373523E-008   0.0000000000000000E+000
  0.2121179394148878E-005   0.7641650606179630E-001   0.1400031121135149E-008   0.0000000000000000E+000   0.6678897017605380E-008   0.0000000000000000E+000
  0.2075830336526581E-005   0.7748031686409472E-001   0.1538604403879999E-008   0.0000000000000000E+000   0.7452029902430322E-008   0.0000000000000000E+000
  0.2012042575258920E-005   0.7906289070118547E-001   0.1767615303086814E-008   0.0000000000000000E+000   0.8720276792290632E-008   0.0000000000000000E+000
  0.1981766773030806E-005   0.7984851874284990E-001   0.1891931694912784E-008   0.0000000000000000E+000   0.9406359019229182E-008   0.0000000000000000E+000
  0.1952198995835139E-005   0.8063062759411783E-001   0.2118908930207412E-008   0.0000000000000000E+000   0.1013879588029704E-007   0.0000000000000000E+000
  0.1917044450228101E-005   0.8166653757424071E-001   0.3707254202570766E-008   0.0000000000000000E+000   0.1146833487470925E-007   0.0000000000000000E+000
  0.1893180625800220E-005   0.8269273437552015E-001   0.1098031297322343E-007   0.0000000000000000E+000   0.1477425437047000E-007   0.0000000000000000E+000
  0.1889099267257767E-005   0.8370176898494847E-001   0.3488256797546170E-007   0.0000000000000000E+000   0.2513959383396303E-007   0.0000000000000000E+000
  0.1893138560688374E-005   0.8468614302314914E-001   0.9639018513959333E-007   0.0000000000000000E+000   0.5488125594153514E-007   0.0000000000000000E+000
  0.1892679767843701E-005   0.8508811203049646E-001   0.1351790656438904E-006   0.0000000000000000E+000   0.7778736042522461E-007   0.0000000000000000E+000
  0.1886177035439222E-005   0.8548705242205570E-001   0.1634044031454411E-006   0.0000000000000000E+000   0.1071956791709489E-006   0.0000000000000000E+000
  0.1863189218503380E-005   0.8628014223469674E-001   0.1873153913405325E-006   0.0000000000000000E+000   0.1754498638537449E-006   0.0000000000000000E+000
  0.1810382754142631E-005   0.8785616464646513E-001   0.2042852273131444E-006   0.0000000000000000E+000   0.3235977794788737E-006   0.0000000000000000E+000
  0.1770462043160020E-005   0.8908758463076834E-001   0.2114897224573005E-006   0.0000000000000000E+000   0.4429043764044773E-006   0.0000000000000000E+000
  0.1732104136930495E-005   0.9031230727023716E-001   0.2202200795799844E-006   0.0000000000000000E+000   0.5637193777321877E-006   0.0000000000000000E+000
  0.1695382764200686E-005   0.9153045540096236E-001   0.2312972119716059E-006   0.0000000000000000E+000   0.6871778721143861E-006   0.0000000000000000E+000
  0.1659761299412790E-005   0.9274214880195104E-001   0.2446176858778307E-006   0.0000000000000000E+000   0.8144199773363572E-006   0.0000000000000000E+000
  0.1594420174719499E-005   0.9510623600926939E-001   0.2771075281947046E-006   0.0000000000000000E+000   0.1079512577419968E-005   0.0000000000000000E+000
  0.1564921955475690E-005   0.9623997217711684E-001   0.2957368628016168E-006   0.0000000000000000E+000   0.1216311398551673E-005   0.0000000000000000E+000
  0.1536092376478709E-005   0.9736828056306771E-001   0.3162627646191043E-006   0.0000000000000000E+000   0.1359748193716033E-005   0.0000000000000000E+000
  0.1502900934948732E-005   0.9871344839088596E-001   0.3433678794327907E-006   0.0000000000000000E+000   0.1541312585424624E-005   0.0000000000000000E+000
  0.1471148418920774E-005   0.1000511032250253E+000   0.3732323956785673E-006   0.0000000000000000E+000   0.1734431683841691E-005   0.0000000000000000E+000
  0.1440712837499240E-005   0.1013794721051292E+000   0.4058516527056990E-006   0.0000000000000000E+000   0.1939828762566511E-005   0.0000000000000000E+000
  0.1411479392173204E-005   0.1027006415419810E+000   0.4413254873306142E-006   0.0000000000000000E+000   0.2158766508114482E-005   0.0000000000000000E+000
  0.1383375883179598E-005   0.1040147514812005E+000   0.4797242857126044E-006   0.0000000000000000E+000   0.2392211309556991E-005   0.0000000000000000E+000
  0.1356377393533186E-005   0.1053219381255795E+000   0.5211285343675687E-006   0.0000000000000000E+000   0.2641111875743672E-005   0.0000000000000000E+000
  0.1333281031434889E-005   0.1064758848020478E+000   0.5604467888816756E-006   0.0000000000000000E+000   0.2875609673337355E-005   0.0000000000000000E+000
  0.1310812046672143E-005   0.1076245777908003E+000   0.6022680567381581E-006   0.0000000000000000E+000   0.3123658323269344E-005   0.0000000000000000E+000
  0.1278484757877235E-005   0.1093356984396564E+000   0.6697564050432728E-006   0.0000000000000000E+000   0.3522005533810892E-005   0.0000000000000000E+000
  0.1247766552279650E-005   0.1110355124240890E+000   0.7432777890287096E-006   0.0000000000000000E+000   0.3954392191570172E-005   0.0000000000000000E+000
  0.1213692104927916E-005   0.1130015293765803E+000   0.8368825423735149E-006   0.0000000000000000E+000   0.4503852167331025E-005   0.0000000000000000E+000
  0.1181768965184017E-005   0.1149530042267417E+000   0.9394968980032792E-006   0.0000000000000000E+000   0.5105954174871947E-005   0.0000000000000000E+000
  0.1168584977358349E-005   0.1157830609601534E+000   0.9862400009637310E-006   0.0000000000000000E+000   0.5380334364781716E-005   0.0000000000000000E+000
  0.1155521333670811E-005   0.1166105651872527E+000   0.1034757186114014E-005   0.0000000000000000E+000   0.5665265522119077E-005   0.0000000000000000E+000
  0.1130279713943428E-005   0.1182583217443348E+000   0.1137288513966688E-005   0.0000000000000000E+000   0.6268019383467063E-005   0.0000000000000000E+000
  0.1112203192442229E-005   0.1194859624596875E+000   0.1219026091241982E-005   0.0000000000000000E+000   0.6749221682866228E-005   0.0000000000000000E+000
  0.1094486419709975E-005   0.1207081704810448E+000   0.1305154699960058E-005   0.0000000000000000E+000   0.7256996137781962E-005   0.0000000000000000E+000
  0.1060468247898358E-005   0.1231350087604142E+000   0.1491021162820437E-005   0.0000000000000000E+000   0.8355428702832835E-005   0.0000000000000000E+000
  0.1024094665649205E-005   0.1259354509300704E+000   0.1731870915483054E-005   0.0000000000000000E+000   0.9784167761547612E-005   0.0000000000000000E+000
  0.1006832486343106E-005   0.1273230656058355E+000   0.1862466372220943E-005   0.0000000000000000E+000   0.1056127657680240E-004   0.0000000000000000E+000
  0.9899456877009421E-006   0.1287041172989800E+000   0.2000306163982590E-005   0.0000000000000000E+000   0.1138322390149605E-004   0.0000000000000000E+000
  0.9680412197174964E-006   0.1305344704420228E+000   0.2195680564242909E-005   0.0000000000000000E+000   0.1255113268131891E-004   0.0000000000000000E+000
  0.9275403600406029E-006   0.1341538139144749E+000   0.2627748598779042E-005   0.0000000000000000E+000   0.1514492441644188E-004   0.0000000000000000E+000
  0.9085940321359324E-006   0.1359454874314149E+000   0.2865858553311641E-005   0.0000000000000000E+000   0.1658006315069546E-004   0.0000000000000000E+000
  0.8802272208180285E-006   0.1387359556917437E+000   0.3271390614769703E-005   0.0000000000000000E+000   0.1903254843158133E-004   0.0000000000000000E+000
  0.8655168251825282E-006   0.1402451098440370E+000   0.3509411130165555E-005   0.0000000000000000E+000   0.2047633440010098E-004   0.0000000000000000E+000
  0.8435691254600749E-006   0.1425555147152857E+000   0.3900913855372104E-005   0.0000000000000000E+000   0.2285739310726710E-004   0.0000000000000000E+000
  0.8216359111172599E-006   0.1449678567048053E+000   0.4346843765987391E-005   0.0000000000000000E+000   0.2557800898576212E-004   0.0000000000000000E+000
  0.7940671184695117E-006   0.1481580767485365E+000   0.4999344907614489E-005   0.0000000000000000E+000   0.2957330104984765E-004   0.0000000000000000E+000
  0.7724568637777375E-006   0.1508259764157196E+000   0.5604251683448714E-005   0.0000000000000000E+000   0.3329043365378233E-004   0.0000000000000000E+000
  0.7629706304180001E-006   0.1520295198382011E+000   0.5895959263061568E-005   0.0000000000000000E+000   0.3508700847635681E-004   0.0000000000000000E+000
  0.7535825032900160E-006   0.1532289359141539E+000   0.6198845560757864E-005   0.0000000000000000E+000   0.3695498724821176E-004   0.0000000000000000E+000
  0.7335817962612863E-006   0.1558511551354378E+000   0.6905282083028952E-005   0.0000000000000000E+000   0.4132114220629154E-004   0.0000000000000000E+000
  0.7098482613521061E-006   0.1591537436492700E+000   0.7886933959405977E-005   0.0000000000000000E+000   0.4740769579511517E-004   0.0000000000000000E+000
  0.6907398959400601E-006   0.1619514570891695E+000   0.8804881695966011E-005   0.0000000000000000E+000   0.5311697809041446E-004   0.0000000000000000E+000
  0.6726101818641100E-006   0.1647285610489696E+000   0.9800425995938568E-005   0.0000000000000000E+000   0.5932573120995453E-004   0.0000000000000000E+000
  0.6610436743792787E-006   0.1665640491087567E+000   0.1050744416786691E-004   0.0000000000000000E+000   0.6374451488354817E-004   0.0000000000000000E+000
  0.6497073091294922E-006   0.1683909562726868E+000   0.1125197108655957E-004   0.0000000000000000E+000   0.6840538930120081E-004   0.0000000000000000E+000
  0.6279964197086112E-006   0.1720089551247765E+000   0.1285377224152811E-004   0.0000000000000000E+000   0.7845690547631934E-004   0.0000000000000000E+000
  0.6031560364205368E-006   0.1764733360293103E+000   0.1508241690666222E-004   0.0000000000000000E+000   0.9248881327046394E-004   0.0000000000000000E+000
  0.5869359256482265E-006   0.1795556905653393E+000   0.1679822405975456E-004   0.0000000000000000E+000   0.1033232082427665E-003   0.0000000000000000E+000
  0.5714230680290986E-006   0.1826162570131882E+000   0.1865683302257352E-004   0.0000000000000000E+000   0.1150859915370927E-003   0.0000000000000000E+000
  0.5587736842392966E-006   0.1852112524500415E+000   0.2036169641027281E-004   0.0000000000000000E+000   0.1258972847212295E-003   0.0000000000000000E+000
  0.5465398416480339E-006   0.1877914812130910E+000   0.2218142776502848E-004   0.0000000000000000E+000   0.1374573616754901E-003   0.0000000000000000E+000
  0.5311089498405463E-006   0.1912036867740733E+000   0.2479069970961160E-004   0.0000000000000000E+000   0.1540660270960302E-003   0.0000000000000000E+000
  0.5237381492850386E-006   0.1928928286089258E+000   0.2617258541233442E-004   0.0000000000000000E+000   0.1628761323976103E-003   0.0000000000000000E+000
  0.5164482473112848E-006   0.1945760891617307E+000   0.2761195014573310E-004   0.0000000000000000E+000   0.1720622214571215E-003   0.0000000000000000E+000
  0.5025296401597907E-006   0.1979164779614380E+000   0.3066112426290451E-004   0.0000000000000000E+000   0.1915519721536471E-003   0.0000000000000000E+000
  0.4958418403771180E-006   0.1995730747965056E+000   0.3227285414154775E-004   0.0000000000000000E+000   0.2018686223897994E-003   0.0000000000000000E+000
  0.4828299432115880E-006   0.2028661780937060E+000   0.3568392070725350E-004   0.0000000000000000E+000   0.2237337116340678E-003   0.0000000000000000E+000
  0.4705372246203768E-006   0.2061290208520773E+000   0.3935075251740944E-004   0.0000000000000000E+000   0.2472802744127667E-003   0.0000000000000000E+000
  0.4588418931315811E-006   0.2093625454808972E+000   0.4328510897113306E-004   0.0000000000000000E+000   0.2725881218356452E-003   0.0000000000000000E+000
  0.4504249899618366E-006   0.2117665636922810E+000   0.4641543877897699E-004   0.0000000000000000E+000   0.2927528422525392E-003   0.0000000000000000E+000
  0.4422164325795987E-006   0.2141604920972254E+000   0.4971565830584742E-004   0.0000000000000000E+000   0.3140372022172916E-003   0.0000000000000000E+000
  0.4317412964641766E-006   0.2173245205986456E+000   0.5437203851709585E-004   0.0000000000000000E+000   0.3441084798567180E-003   0.0000000000000000E+000
  0.4241676101951470E-006   0.2196765666452475E+000   0.5806167928627614E-004   0.0000000000000000E+000   0.3679670252714783E-003   0.0000000000000000E+000
  0.4120778210067852E-006   0.2235688934612906E+000   0.6462022838032926E-004   0.0000000000000000E+000   0.4104381776519490E-003   0.0000000000000000E+000
  0.4051682205547168E-006   0.2258844778335621E+000   0.6880397010902524E-004   0.0000000000000000E+000   0.4375675352992095E-003   0.0000000000000000E+000
  0.3983554629372658E-006   0.2281918653397046E+000   0.7319298235477873E-004   0.0000000000000000E+000   0.4660563330903055E-003   0.0000000000000000E+000
  0.3854499752420477E-006   0.2327570283565238E+000   0.8255970907255281E-004   0.0000000000000000E+000   0.5269448769869464E-003   0.0000000000000000E+000
  0.3793233993564429E-006   0.2350203150345795E+000   0.8755843285346349E-004   0.0000000000000000E+000   0.5594837079994678E-003   0.0000000000000000E+000
  0.3732721221196283E-006   0.2372764556892376E+000   0.9278796635619480E-004   0.0000000000000000E+000   0.5935558257321597E-003   0.0000000000000000E+000
  0.3626239351539531E-006   0.2413695346517933E+000   0.1029352229076134E-003   0.0000000000000000E+000   0.6597516422230139E-003   0.0000000000000000E+000
  0.3526357502116092E-006   0.2454261023000002E+000   0.1138817498656114E-003   0.0000000000000000E+000   0.7312728150397144E-003   0.0000000000000000E+000
  0.3473664689373751E-006   0.2476238124442643E+000   0.1202038574357540E-003   0.0000000000000000E+000   0.7726271128224695E-003   0.0000000000000000E+000
  0.3404455280117760E-006   0.2505386647177751E+000   0.1290352519599325E-003   0.0000000000000000E+000   0.8304490961199560E-003   0.0000000000000000E+000
  0.3274668914299772E-006   0.2562973820918531E+000   0.1480685697864310E-003   0.0000000000000000E+000   0.9552634315086847E-003   0.0000000000000000E+000
  0.3213337428192417E-006   0.2591543399044524E+000   0.1583423014553858E-003   0.0000000000000000E+000   0.1022733239583707E-002   0.0000000000000000E+000
  0.3153621867466945E-006   0.2619830339137180E+000   0.1690905865751007E-003   0.0000000000000000E+000   0.1093387975828072E-002   0.0000000000000000E+000
  0.3095641880041246E-006   0.2648035049553466E+000   0.1804041591766765E-003   0.0000000000000000E+000   0.1167828561583844E-002   0.0000000000000000E+000
  0.3039609093411136E-006   0.2675940533636689E+000   0.1922097661544285E-003   0.0000000000000000E+000   0.1245577992588262E-002   0.0000000000000000E+000
  0.2971547933351142E-006   0.2710616256349307E+000   0.2077677321154848E-003   0.0000000000000000E+000   0.1348143231351240E-002   0.0000000000000000E+000
  0.2873738839042825E-006   0.2762303535865734E+000   0.2328927965227378E-003   0.0000000000000000E+000   0.1514006936842955E-002   0.0000000000000000E+000
  0.2770732535709117E-006   0.2820136247356035E+000   0.2639523176153082E-003   0.0000000000000000E+000   0.1719397451913367E-002   0.0000000000000000E+000
  0.2712853946475535E-006   0.2853831992395207E+000   0.2835873607398953E-003   0.0000000000000000E+000   0.1849417758289144E-002   0.0000000000000000E+000
  0.2645928864213244E-006   0.2893919910012573E+000   0.3085177210625467E-003   0.0000000000000000E+000   0.2014687331490368E-002   0.0000000000000000E+000
  0.2602508857378838E-006   0.2920514587778376E+000   0.3260443964592992E-003   0.0000000000000000E+000   0.2130988388448818E-002   0.0000000000000000E+000
  0.2519524627805007E-006   0.2973141690837720E+000   0.3631808244094300E-003   0.0000000000000000E+000   0.2377704338537183E-002   0.0000000000000000E+000
  0.2479699385198969E-006   0.2999311381267484E+000   0.3829223763210461E-003   0.0000000000000000E+000   0.2509001640374011E-002   0.0000000000000000E+000
  0.2421341861494914E-006   0.3038204567983160E+000   0.4139120620949824E-003   0.0000000000000000E+000   0.2715299511098564E-002   0.0000000000000000E+000
  0.2347378614383529E-006   0.3089654163652009E+000   0.4581011453020312E-003   0.0000000000000000E+000   0.3009838664368689E-002   0.0000000000000000E+000
  0.2294664420949166E-006   0.3127884819203078E+000   0.4934322274868506E-003   0.0000000000000000E+000   0.3245625024089383E-002   0.0000000000000000E+000
  0.2260125676311482E-006   0.3153269261641675E+000   0.5181277880946052E-003   0.0000000000000000E+000   0.3410575633957824E-002   0.0000000000000000E+000
  0.2193800145317041E-006   0.3203583892373066E+000   0.5701403106212246E-003   0.0000000000000000E+000   0.3758349229888672E-002   0.0000000000000000E+000
  0.2161854725900055E-006   0.3228506521143520E+000   0.5974800018580664E-003   0.0000000000000000E+000   0.3941330211490858E-002   0.0000000000000000E+000
  0.2099957762513382E-006   0.3278109515011217E+000   0.6551682861994320E-003   0.0000000000000000E+000   0.4327820812899588E-002   0.0000000000000000E+000
  0.2069999628239797E-006   0.3302782790766270E+000   0.6855574168314706E-003   0.0000000000000000E+000   0.4531609226283416E-002   0.0000000000000000E+000
  0.2012121805819249E-006   0.3351706488534951E+000   0.7493167706268332E-003   0.0000000000000000E+000   0.4959595453321038E-002   0.0000000000000000E+000
  0.1984147424603150E-006   0.3375999214161609E+000   0.7827787476541755E-003   0.0000000000000000E+000   0.5184415026805477E-002   0.0000000000000000E+000
  0.1929602208221575E-006   0.3424224469480965E+000   0.8529302517037825E-003   0.0000000000000000E+000   0.5656179023787940E-002   0.0000000000000000E+000
  0.1877686044180164E-006   0.3472129716504832E+000   0.9277673538235193E-003   0.0000000000000000E+000   0.6160055943607120E-002   0.0000000000000000E+000
  0.1833898864834363E-006   0.3513634580309836E+000   0.9969925386046456E-003   0.0000000000000000E+000   0.6626661695985125E-002   0.0000000000000000E+000
  0.1779750487972785E-006   0.3566635511836388E+000   0.1091656750273593E-002   0.0000000000000000E+000   0.7265478904390959E-002   0.0000000000000000E+000
  0.1736881899388858E-006   0.3610331977427134E+000   0.1175282942933134E-002   0.0000000000000000E+000   0.7830465411393950E-002   0.0000000000000000E+000
  0.1713196068655845E-006   0.3634958685642349E+000   0.1224742892625363E-002   0.0000000000000000E+000   0.8164893256167533E-002   0.0000000000000000E+000
  0.1689633636265069E-006   0.3659590806600431E+000   0.1275954903736697E-002   0.0000000000000000E+000   0.8511368545958865E-002   0.0000000000000000E+000
  0.1633900281847770E-006   0.3719685712829607E+000   0.1408513933777945E-002   0.0000000000000000E+000   0.9409106423044211E-002   0.0000000000000000E+000
  0.1599815029022758E-006   0.3757962032784619E+000   0.1498850789324703E-002   0.0000000000000000E+000   0.1002158207561621E-001   0.0000000000000000E+000
  0.1566387115335226E-006   0.3796268337972180E+000   0.1594100020724198E-002   0.0000000000000000E+000   0.1066793595061995E-001   0.0000000000000000E+000
  0.1537544454340275E-006   0.3829970475996975E+000   0.1682075256968406E-002   0.0000000000000000E+000   0.1126541339406868E-001   0.0000000000000000E+000
  0.1495861895063901E-006   0.3880114110891012E+000   0.1820532683113133E-002   0.0000000000000000E+000   0.1220663679536325E-001   0.0000000000000000E+000
  0.1469024111785709E-006   0.3913339054584606E+000   0.1917477291411270E-002   0.0000000000000000E+000   0.1286626498168630E-001   0.0000000000000000E+000
  0.1438403944451576E-006   0.3951908193371317E+000   0.2035451075655433E-002   0.0000000000000000E+000   0.1366962274012206E-001   0.0000000000000000E+000
  0.1404503008030085E-006   0.3995655360617639E+000   0.2176634286277331E-002   0.0000000000000000E+000   0.1463189508755626E-001   0.0000000000000000E+000
  0.1364005681213559E-006   0.4049850141648724E+000   0.2362940444063815E-002   0.0000000000000000E+000   0.1590308840614585E-001   0.0000000000000000E+000
  0.1340324842637293E-006   0.4082280872166678E+000   0.2480752323725161E-002   0.0000000000000000E+000   0.1670767681854740E-001   0.0000000000000000E+000
  0.1302277169883386E-006   0.4135752790155595E+000   0.2685857917263426E-002   0.0000000000000000E+000   0.1810974674129286E-001   0.0000000000000000E+000
  0.1280281396843750E-006   0.4167490066852465E+000   0.2814257873985574E-002   0.0000000000000000E+000   0.1898824495732650E-001   0.0000000000000000E+000
  0.1245261320427128E-006   0.4218898882394353E+000   0.3033281031895939E-002   0.0000000000000000E+000   0.2048809117913837E-001   0.0000000000000000E+000
  0.1206703163932754E-006   0.4277876887657858E+000   0.3302206883994434E-002   0.0000000000000000E+000   0.2233176789156271E-001   0.0000000000000000E+000
  0.1180337974749083E-006   0.4319489428752937E+000   0.3503903353835289E-002   0.0000000000000000E+000   0.2371595695998704E-001   0.0000000000000000E+000
  0.1157772369724573E-006   0.4355650222938212E+000   0.3687584042892056E-002   0.0000000000000000E+000   0.2497749887139429E-001   0.0000000000000000E+000
  0.1126718949496227E-006   0.4406930236091348E+000   0.3962058397754981E-002   0.0000000000000000E+000   0.2686430159906247E-001   0.0000000000000000E+000
  0.1111626322418309E-006   0.4432364134921983E+000   0.4104517072414010E-002   0.0000000000000000E+000   0.2784433060228735E-001   0.0000000000000000E+000
  0.1084929556813562E-006   0.4478062863485717E+000   0.4371447726826171E-002   0.0000000000000000E+000   0.2968195559198838E-001   0.0000000000000000E+000
  0.1062076914308124E-006   0.4518344908339045E+000   0.4618861004085733E-002   0.0000000000000000E+000   0.3138663278465479E-001   0.0000000000000000E+000
  0.1039803451480208E-006   0.4558381292827167E+000   0.4876488997094072E-002   0.0000000000000000E+000   0.3316306533788915E-001   0.0000000000000000E+000
  0.1015630057878120E-006   0.4603053648595496E+000   0.5178311802102063E-002   0.0000000000000000E+000   0.3524592739713388E-001   0.0000000000000000E+000
  0.1001186786793168E-006   0.4630201911716677E+000   0.5369408242865048E-002   0.0000000000000000E+000   0.3656555349747730E-001   0.0000000000000000E+000
  0.9766757557795830E-007   0.4676912912743198E+000   0.5712303997989237E-002   0.0000000000000000E+000   0.3893505597282012E-001   0.0000000000000000E+000
  0.9470073292500401E-007   0.4735615808071356E+000   0.6169601755830665E-002   0.0000000000000000E+000   0.4209813415695007E-001   0.0000000000000000E+000
  0.9279642249282675E-007   0.4774366906551781E+000   0.6488317003085976E-002   0.0000000000000000E+000   0.4430454683554332E-001   0.0000000000000000E+000
  0.9093517887114302E-007   0.4812895223745988E+000   0.6819052014458046E-002   0.0000000000000000E+000   0.4659571912052421E-001   0.0000000000000000E+000
  0.8912388583055457E-007   0.4851203828955522E+000   0.7162096224522969E-002   0.0000000000000000E+000   0.4897372332333994E-001   0.0000000000000000E+000
  0.8736122433849225E-007   0.4889105064480854E+000   0.7515925264016676E-002   0.0000000000000000E+000   0.5142804524123271E-001   0.0000000000000000E+000
  0.8479617996544503E-007   0.4945992777552709E+000   0.8075061427002697E-002   0.0000000000000000E+000   0.5530955015237427E-001   0.0000000000000000E+000
  0.8356057046555316E-007   0.4974099659793925E+000   0.8364226484182447E-002   0.0000000000000000E+000   0.5731828836926521E-001   0.0000000000000000E+000
  0.8233101994218552E-007   0.5002303702360372E+000   0.8663269528366199E-002   0.0000000000000000E+000   0.5939658677850792E-001   0.0000000000000000E+000
  0.8074344865656111E-007   0.5039366627534406E+000   0.9070151309364940E-002   0.0000000000000000E+000   0.6222580318523684E-001   0.0000000000000000E+000
  0.7918229027635582E-007   0.5076605647380794E+000   0.9495373455637165E-002   0.0000000000000000E+000   0.6518426066439320E-001   0.0000000000000000E+000
  0.7766715084950968E-007   0.5113454077286803E+000   0.9932868338818606E-002   0.0000000000000000E+000   0.6822985324399773E-001   0.0000000000000000E+000
  0.7618893152277747E-007   0.5150103987748818E+000   0.1038506764644865E-001   0.0000000000000000E+000   0.7137958726777163E-001   0.0000000000000000E+000
  0.7475378205217594E-007   0.5186368921062956E+000   0.1084981636164552E-001   0.0000000000000000E+000   0.7461853182415681E-001   0.0000000000000000E+000
  0.7333787751605725E-007   0.5222817367027028E+000   0.1133482164766258E-001   0.0000000000000000E+000   0.7800050851664501E-001   0.0000000000000000E+000
  0.7188572700512046E-007   0.5260919587340970E+000   0.1186165512486246E-001   0.0000000000000000E+000   0.8167621184823971E-001   0.0000000000000000E+000
  0.7045851248189249E-007   0.5299232811880465E+000   0.1241251691832219E-001   0.0000000000000000E+000   0.8552176861466890E-001   0.0000000000000000E+000
  0.6947599736987946E-007   0.5325894073862600E+000   0.1280872087176228E-001   0.0000000000000000E+000   0.8828897943562691E-001   0.0000000000000000E+000
  0.6723997225925649E-007   0.5388063104394220E+000   0.1377514661067938E-001   0.0000000000000000E+000   0.9504329869609275E-001   0.0000000000000000E+000
  0.6601279782297300E-007   0.5423270419190598E+000   0.1434983904078748E-001   0.0000000000000000E+000   0.9906260478864058E-001   0.0000000000000000E+000
  0.6481427850400093E-007   0.5458086966864224E+000   0.1493837156260819E-001   0.0000000000000000E+000   0.1031808241215192E+000   0.0000000000000000E+000
  0.6363320863842402E-007   0.5493098231713359E+000   0.1555108675858439E-001   0.0000000000000000E+000   0.1074704312468037E+000   0.0000000000000000E+000
  0.6276680789277540E-007   0.5519035299255134E+000   0.1601888159346722E-001   0.0000000000000000E+000   0.1107468688929040E+000   0.0000000000000000E+000
  0.6079400269020950E-007   0.5579501984044134E+000   0.1715691037288638E-001   0.0000000000000000E+000   0.1187226070637317E+000   0.0000000000000000E+000
  0.5971022541969790E-007   0.5613737641420904E+000   0.1783173965419672E-001   0.0000000000000000E+000   0.1234551536002138E+000   0.0000000000000000E+000
  0.5864768379760863E-007   0.5647616547327563E+000   0.1852202500680399E-001   0.0000000000000000E+000   0.1282983908991876E+000   0.0000000000000000E+000
  0.5708406170085700E-007   0.5698539593230212E+000   0.1960309236820058E-001   0.0000000000000000E+000   0.1358878352533815E+000   0.0000000000000000E+000
  0.5558380851595873E-007   0.5748808296215764E+000   0.2072348152741526E-001   0.0000000000000000E+000   0.1437585917123285E+000   0.0000000000000000E+000
  0.5412256276397363E-007   0.5798982970708968E+000   0.2189674238756485E-001   0.0000000000000000E+000   0.1520061290520967E+000   0.0000000000000000E+000
  0.5271508780882236E-007   0.5848514227538417E+000   0.2311109124795303E-001   0.0000000000000000E+000   0.1605477668117003E+000   0.0000000000000000E+000
  0.5134345077425583E-007   0.5897959786212186E+000   0.2438128400598856E-001   0.0000000000000000E+000   0.1694873988537027E+000   0.0000000000000000E+000
  0.5002576083612054E-007   0.5946772054229053E+000   0.2569432411905899E-001   0.0000000000000000E+000   0.1787336726920517E+000   0.0000000000000000E+000
  0.4916222348639707E-007   0.5979389509462406E+000   0.2660564982159869E-001   0.0000000000000000E+000   0.1851538646376914E+000   0.0000000000000000E+000
  0.4831900573092046E-007   0.6011667769216956E+000   0.2753508493675717E-001   0.0000000000000000E+000   0.1917037520476514E+000   0.0000000000000000E+000
  0.4749777541928938E-007   0.6043608788523652E+000   0.2848254007912499E-001   0.0000000000000000E+000   0.1983826309788706E+000   0.0000000000000000E+000
  0.4668439976845143E-007   0.6075761546683869E+000   0.2946486611090425E-001   0.0000000000000000E+000   0.2053093022010470E+000   0.0000000000000000E+000
  0.4589245437535745E-007   0.6107397246886742E+000   0.3046012437957028E-001   0.0000000000000000E+000   0.2123290002275216E+000   0.0000000000000000E+000
  0.4435420989017174E-007   0.6170591760919660E+000   0.3253645400119339E-001   0.0000000000000000E+000   0.2269792551614454E+000   0.0000000000000000E+000
  0.4360740409419476E-007   0.6202140335200158E+000   0.3361855240439033E-001   0.0000000000000000E+000   0.2346170300070578E+000   0.0000000000000000E+000
  0.4287583398441626E-007   0.6233359265000278E+000   0.3472019625097014E-001   0.0000000000000000E+000   0.2423945640306363E+000   0.0000000000000000E+000
  0.4216306925938975E-007   0.6264250470545384E+000   0.3584124686029955E-001   0.0000000000000000E+000   0.2503108091575471E+000   0.0000000000000000E+000
  0.4145639307561482E-007   0.6295356820267385E+000   0.3700200932992852E-001   0.0000000000000000E+000   0.2585092122794955E+000   0.0000000000000000E+000
  0.4076411902829614E-007   0.6326137482637257E+000   0.3818291767014837E-001   0.0000000000000000E+000   0.2668515620552910E+000   0.0000000000000000E+000
  0.3942612925853096E-007   0.6387277716293001E+000   0.4062696992806503E-001   0.0000000000000000E+000   0.2841224908529450E+000   0.0000000000000000E+000
  0.3877612190488159E-007   0.6417629215527102E+000   0.4189048515968370E-001   0.0000000000000000E+000   0.2930536182107767E+000   0.0000000000000000E+000
  0.3751244202977774E-007   0.6477919721890841E+000   0.4450313570957944E-001   0.0000000000000000E+000   0.3115264806889106E+000   0.0000000000000000E+000
  0.3690499115717607E-007   0.6507673053402394E+000   0.4584450845164464E-001   0.0000000000000000E+000   0.3210132320028520E+000   0.0000000000000000E+000
  0.3629901504105065E-007   0.6537644403513648E+000   0.4723156394518900E-001   0.0000000000000000E+000   0.3308248814230527E+000   0.0000000000000000E+000
  0.3570531148662859E-007   0.6567300667262331E+000   0.4864030237315162E-001   0.0000000000000000E+000   0.3407915692663082E+000   0.0000000000000000E+000
  0.3455569066587249E-007   0.6626214911017383E+000   0.5154918376443059E-001   0.0000000000000000E+000   0.3613769461683153E+000   0.0000000000000000E+000
  0.3399932078064329E-007   0.6655465876746638E+000   0.5304968143736148E-001   0.0000000000000000E+000   0.3719982050150120E+000   0.0000000000000000E+000
  0.3344780929218356E-007   0.6684583683213019E+000   0.5458154427242858E-001   0.0000000000000000E+000   0.3828432659320549E+000   0.0000000000000000E+000
  0.3237963968918513E-007   0.6742432083355525E+000   0.5774139769778977E-001   0.0000000000000000E+000   0.4052194846125388E+000   0.0000000000000000E+000
  0.3186517435027583E-007   0.6770981045163731E+000   0.5935969450416149E-001   0.0000000000000000E+000   0.4166821251685454E+000   0.0000000000000000E+000
  0.3135121861789296E-007   0.6799750821232814E+000   0.6103103763729735E-001   0.0000000000000000E+000   0.4285226410273698E+000   0.0000000000000000E+000
  0.3085286927647284E-007   0.6828042675003080E+000   0.6271518531895942E-001   0.0000000000000000E+000   0.4404559712435402E+000   0.0000000000000000E+000
  0.3035488413251618E-007   0.6856556010038742E+000   0.6445413204763575E-001   0.0000000000000000E+000   0.4527798812649408E+000   0.0000000000000000E+000
  0.2939477095290190E-007   0.6912863103702417E+000   0.6801443293271327E-001   0.0000000000000000E+000   0.4780196519260755E+000   0.0000000000000000E+000
  0.2893192139791673E-007   0.6940652411214957E+000   0.6983517610059867E-001   0.0000000000000000E+000   0.4909319585879340E+000   0.0000000000000000E+000
  0.2846702958695347E-007   0.6968664787665636E+000   0.7171431880761468E-001   0.0000000000000000E+000   0.5042621202836381E+000   0.0000000000000000E+000
  0.2757005594517308E-007   0.7023984405568109E+000   0.7555811452781758E-001   0.0000000000000000E+000   0.5315424825805853E+000   0.0000000000000000E+000
  0.2713697725415597E-007   0.7051288070023508E+000   0.7752212686563234E-001   0.0000000000000000E+000   0.5454896326830183E+000   0.0000000000000000E+000
  0.2670335138058784E-007   0.7078817076492738E+000   0.7954833632645295E-001   0.0000000000000000E+000   0.5598851722223951E+000   0.0000000000000000E+000
  0.2623030667486483E-007   0.7109241996532831E+000   0.8184258288646250E-001   0.0000000000000000E+000   0.5761941444580287E+000   0.0000000000000000E+000
  0.2575730623597597E-007   0.7139954333717403E+000   0.8421827495410822E-001   0.0000000000000000E+000   0.5930935038391311E+000   0.0000000000000000E+000
  0.2494542881049165E-007   0.7193808770894261E+000   0.8853324227677335E-001   0.0000000000000000E+000   0.6238228076730485E+000   0.0000000000000000E+000
  0.2455218716332526E-007   0.7220395614009387E+000   0.9073547531625588E-001   0.0000000000000000E+000   0.6395262238936601E+000   0.0000000000000000E+000
  0.2415665833355521E-007   0.7247213997886058E+000   0.9300640215208537E-001   0.0000000000000000E+000   0.6557356962755762E+000   0.0000000000000000E+000
  0.2338597168321842E-007   0.7300195903612821E+000   0.9764281483767356E-001   0.0000000000000000E+000   0.6888873484357539E+000   0.0000000000000000E+000
  0.2264163079443468E-007   0.7352766626111108E+000   0.1024465313755270E+000   0.0000000000000000E+000   0.7233305225640438E+000   0.0000000000000000E+000
  0.2227813522480578E-007   0.7378732813775888E+000   0.1048963270419161E+000   0.0000000000000000E+000   0.7409385250420550E+000   0.0000000000000000E+000
  0.2191319102680190E-007   0.7404941597402473E+000   0.1074220077517803E+000   0.0000000000000000E+000   0.7591251786933196E+000   0.0000000000000000E+000
  0.2155660116535740E-007   0.7430720473257937E+000   0.1099591623131198E+000   0.0000000000000000E+000   0.7774306360746275E+000   0.0000000000000000E+000
  0.2102484146594253E-007   0.7469518743602164E+000   0.1138787051911986E+000   0.0000000000000000E+000   0.8057860941329137E+000   0.0000000000000000E+000
  0.2050021145072655E-007   0.7508209877424049E+000   0.1179112683837871E+000   0.0000000000000000E+000   0.8350618196541614E+000   0.0000000000000000E+000
  0.1981691109768311E-007   0.7559355908024392E+000   0.1234375465489164E+000   0.0000000000000000E+000   0.8753607901574785E+000   0.0000000000000000E+000
  0.1948213721871906E-007   0.7584650195488568E+000   0.1262551672830713E+000   0.0000000000000000E+000   0.8959896713447731E+000   0.0000000000000000E+000
  0.1898062484377093E-007   0.7622759952039615E+000   0.1306089869668127E+000   0.0000000000000000E+000   0.9279757762544409E+000   0.0000000000000000E+000
  0.1848494822401366E-007   0.7660812734061705E+000   0.1350898415304374E+000   0.0000000000000000E+000   0.9610330622001458E+000   0.0000000000000000E+000
  0.1783835474412442E-007   0.7711188563497424E+000   0.1412335722471321E+000   0.0000000000000000E+000   0.1006575795883444E+001   0.0000000000000000E+000
  0.1752187027884009E-007   0.7736133577767197E+000   0.1443677510526715E+000   0.0000000000000000E+000   0.1029899805605489E+001   0.0000000000000000E+000
  0.1720355603502018E-007   0.7761370814331322E+000   0.1476022464069587E+000   0.0000000000000000E+000   0.1054029527618531E+001   0.0000000000000000E+000
  0.1689232467452665E-007   0.7786231127930467E+000   0.1508522235540855E+000   0.0000000000000000E+000   0.1078330672457914E+001   0.0000000000000000E+000
  0.1642783469628623E-007   0.7823749739055211E+000   0.1558796904269362E+000   0.0000000000000000E+000   0.1116021266295058E+001   0.0000000000000000E+000
  0.1596980650844891E-007   0.7861282203565230E+000   0.1610606881844053E+000   0.0000000000000000E+000   0.1154969238878664E+001   0.0000000000000000E+000
  0.1537513100751831E-007   0.7911069919301604E+000   0.1681755639095151E+000   0.0000000000000000E+000   0.1208590056076560E+001   0.0000000000000000E+000
  0.1508540919617239E-007   0.7935762690628551E+000   0.1718098885814714E+000   0.0000000000000000E+000   0.1236023345263002E+001   0.0000000000000000E+000
  0.1479483933521848E-007   0.7960778370602473E+000   0.1755651516450742E+000   0.0000000000000000E+000   0.1264389302780562E+001   0.0000000000000000E+000
  0.1451218909975179E-007   0.7985440567326596E+000   0.1793412081490780E+000   0.0000000000000000E+000   0.1292923991268542E+001   0.0000000000000000E+000
  0.1422975805232871E-007   0.8010431884308796E+000   0.1832440182045374E+000   0.0000000000000000E+000   0.1322420153949767E+001   0.0000000000000000E+000
  0.1395440238904550E-007   0.8035073553126904E+000   0.1871690855953072E+000   0.0000000000000000E+000   0.1352079122013147E+001   0.0000000000000000E+000
  0.1341427186478938E-007   0.8084682826691892E+000   0.1953090948634657E+000   0.0000000000000000E+000   0.1413533807772251E+001   0.0000000000000000E+000
  0.1314969189915875E-007   0.8109651314021220E+000   0.1995296084936196E+000   0.0000000000000000E+000   0.1445350697914381E+001   0.0000000000000000E+000
  0.1289230097199410E-007   0.8134275098356454E+000   0.2037752323440334E+000   0.0000000000000000E+000   0.1477311891259087E+001   0.0000000000000000E+000
  0.1263602224983778E-007   0.8159241694400712E+000   0.2081663675424038E+000   0.0000000000000000E+000   0.1510309588431536E+001   0.0000000000000000E+000
  0.1238791151002174E-007   0.8183864466953343E+000   0.2125840529769116E+000   0.0000000000000000E+000   0.1543436505433278E+001   0.0000000000000000E+000
  0.1214120234869647E-007   0.8208832385661359E+000   0.2171537898280126E+000   0.0000000000000000E+000   0.1577620624040284E+001   0.0000000000000000E+000
  0.1190165961985312E-007   0.8233456259702974E+000   0.2217513974709531E+000   0.0000000000000000E+000   0.1611915400365060E+001   0.0000000000000000E+000
  0.1143606945646236E-007   0.8283058026426361E+000   0.2312946133424892E+000   0.0000000000000000E+000   0.1682744354128154E+001   0.0000000000000000E+000
  0.1121019432690760E-007   0.8308027579594015E+000   0.2362454851593939E+000   0.0000000000000000E+000   0.1719276795190926E+001   0.0000000000000000E+000
  0.1099149544419834E-007   0.8332648738418628E+000   0.2412264774047795E+000   0.0000000000000000E+000   0.1755868768824817E+001   0.0000000000000000E+000
  0.1077523381661651E-007   0.8357613048165967E+000   0.2463798681279434E+000   0.0000000000000000E+000   0.1793542138399530E+001   0.0000000000000000E+000
  0.1056616417394020E-007   0.8382224327452168E+000   0.2515642783947535E+000   0.0000000000000000E+000   0.1831239480235814E+001   0.0000000000000000E+000
  0.1016230611017005E-007   0.8431776156201103E+000   0.2623252190467705E+000   0.0000000000000000E+000   0.1908784154297718E+001   0.0000000000000000E+000
  0.9875825377059675E-008   0.8468938204617495E+000   0.2706889231614976E+000   0.0000000000000000E+000   0.1968350696193803E+001   0.0000000000000000E+000
  0.9599107835395628E-008   0.8506134583848941E+000   0.2793223885914898E+000   0.0000000000000000E+000   0.2029151541563900E+001   0.0000000000000000E+000
  0.9255188426888685E-008   0.8555454141142583E+000   0.2911903252120639E+000   0.0000000000000000E+000   0.2111545378511701E+001   0.0000000000000000E+000
  0.9091886712765336E-008   0.8579870479293857E+000   0.2972494165888697E+000   0.0000000000000000E+000   0.2153074630762152E+001   0.0000000000000000E+000
  0.8779888969799322E-008   0.8628909857396646E+000   0.3097989633750389E+000   0.0000000000000000E+000   0.2237962350778511E+001   0.0000000000000000E+000
  0.8632486928430603E-008   0.8653499440361377E+000   0.3162879866456187E+000   0.0000000000000000E+000   0.2281282743090664E+001   0.0000000000000000E+000
  0.8489663989726260E-008   0.8677673910849095E+000   0.3227981100700942E+000   0.0000000000000000E+000   0.2324379037675938E+001   0.0000000000000000E+000
  0.8219126742528621E-008   0.8726144251950134E+000   0.3362484976555579E+000   0.0000000000000000E+000   0.2412374469157281E+001   0.0000000000000000E+000
  0.8090226791825918E-008   0.8750407814994936E+000   0.3431851347970244E+000   0.0000000000000000E+000   0.2457265050482707E+001   0.0000000000000000E+000
  0.7904952658364759E-008   0.8786244426000576E+000   0.3536837523866290E+000   0.0000000000000000E+000   0.2524666471752640E+001   0.0000000000000000E+000
  0.7758787384979409E-008   0.8815881605351279E+000   0.3625986092145566E+000   0.0000000000000000E+000   0.2581457519594524E+001   0.0000000000000000E+000
  0.7673266748905617E-008   0.8833578936249623E+000   0.3680241377534446E+000   0.0000000000000000E+000   0.2615846784802394E+001   0.0000000000000000E+000
  0.7588306165129842E-008   0.8851402521866502E+000   0.3735666559546890E+000   0.0000000000000000E+000   0.2650856131017796E+001   0.0000000000000000E+000
  0.7503688144317581E-008   0.8869353135685958E+000   0.3792290545573933E+000   0.0000000000000000E+000   0.2686506194128194E+001   0.0000000000000000E+000
  0.7341497265244545E-008   0.8904499203057750E+000   0.3905534548673984E+000   0.0000000000000000E+000   0.2757484852296962E+001   0.0000000000000000E+000
  0.7187797588369867E-008   0.8939379798845651E+000   0.4021115599903923E+000   0.0000000000000000E+000   0.2829539356069922E+001   0.0000000000000000E+000
  0.7113175965479712E-008   0.8956623534649104E+000   0.4079460877801653E+000   0.0000000000000000E+000   0.2865778741894441E+001   0.0000000000000000E+000
  0.7038646418665517E-008   0.8973982350593924E+000   0.4139018991848910E+000   0.0000000000000000E+000   0.2902685465847914E+001   0.0000000000000000E+000
  0.6965677039524996E-008   0.8991088833785769E+000   0.4198533263350944E+000   0.0000000000000000E+000   0.2939481780551441E+001   0.0000000000000000E+000
  0.6823502345302932E-008   0.9025280963324643E+000   0.4319989438688991E+000   0.0000000000000000E+000   0.3014340252585575E+001   0.0000000000000000E+000
  0.6754231520249497E-008   0.9042358289572008E+000   0.4381927895271980E+000   0.0000000000000000E+000   0.3052401680808098E+001   0.0000000000000000E+000
  0.6686258460308487E-008   0.9059184313325288E+000   0.4443805638457425E+000   0.0000000000000000E+000   0.3090355267743859E+001   0.0000000000000000E+000
  0.6618636023497269E-008   0.9076118552162872E+000   0.4506948538841868E+000   0.0000000000000000E+000   0.3129018120843530E+001   0.0000000000000000E+000
  0.6552678823917541E-008   0.9092802488395406E+000   0.4570022811767400E+000   0.0000000000000000E+000   0.3167577057594981E+001   0.0000000000000000E+000
  0.6487140842582266E-008   0.9109592969375491E+000   0.4634379185515843E+000   0.0000000000000000E+000   0.3206864169927595E+001   0.0000000000000000E+000
  0.6444374886149292E-008   0.9120569838013689E+000   0.4676934471455749E+000   0.0000000000000000E+000   0.3232817087265713E+001   0.0000000000000000E+000
  0.6358999622867606E-008   0.9142664598742278E+000   0.4763755089028032E+000   0.0000000000000000E+000   0.3285725200125146E+001   0.0000000000000000E+000
  0.6316227820561401E-008   0.9153782357092748E+000   0.4808029667772842E+000   0.0000000000000000E+000   0.3312700233154976E+001   0.0000000000000000E+000
  0.6232344361234335E-008   0.9175536186807325E+000   0.4895784024851178E+000   0.0000000000000000E+000   0.3366209332020021E+001   0.0000000000000000E+000
  0.6189918906714841E-008   0.9186484138479259E+000   0.4940496976877271E+000   0.0000000000000000E+000   0.3393526138236043E+001   0.0000000000000000E+000
  0.6104047793273004E-008   0.9208220553026670E+000   0.5030300769955578E+000   0.0000000000000000E+000   0.3448601694491008E+001   0.0000000000000000E+000
  0.6015779414960363E-008   0.9229852894935977E+000   0.5120936499011354E+000   0.0000000000000000E+000   0.3504630536518118E+001   0.0000000000000000E+000
  0.5969792312116800E-008   0.9240752522449678E+000   0.5167035546381737E+000   0.0000000000000000E+000   0.3533365081653230E+001   0.0000000000000000E+000
  0.5875338374553605E-008   0.9262113881797360E+000   0.5258112887802753E+000   0.0000000000000000E+000   0.3590741059755417E+001   0.0000000000000000E+000
  0.5825244405219651E-008   0.9272890634699540E+000   0.5304396687720259E+000   0.0000000000000000E+000   0.3620245882295967E+001   0.0000000000000000E+000
  0.5773370014166332E-008   0.9283736768533830E+000   0.5351183778932210E+000   0.0000000000000000E+000   0.3650331840318568E+001   0.0000000000000000E+000
  0.5666245176504920E-008   0.9305036134362811E+000   0.5443621793589951E+000   0.0000000000000000E+000   0.3710572235871042E+001   0.0000000000000000E+000
  0.5549991224623596E-008   0.9326659958718138E+000   0.5538262498328645E+000   0.0000000000000000E+000   0.3773278798711250E+001   0.0000000000000000E+000
  0.5490711788731259E-008   0.9337300424121739E+000   0.5585154981607002E+000   0.0000000000000000E+000   0.3804688317183214E+001   0.0000000000000000E+000
  0.5429809917765937E-008   0.9348033304354525E+000   0.5632689708180735E+000   0.0000000000000000E+000   0.3836726723270002E+001   0.0000000000000000E+000
  0.5367307823099004E-008   0.9358863908379418E+000   0.5680919705416104E+000   0.0000000000000000E+000   0.3869407248668090E+001   0.0000000000000000E+000
  0.5240208062817186E-008   0.9380525844367633E+000   0.5778290581149617E+000   0.0000000000000000E+000   0.3935771762536762E+001   0.0000000000000000E+000
  0.5175981877127031E-008   0.9391361953158563E+000   0.5827513311230901E+000   0.0000000000000000E+000   0.3969441048811224E+001   0.0000000000000000E+000
  0.5111047685986151E-008   0.9402308879063628E+000   0.5877632680887821E+000   0.0000000000000000E+000   0.4003752842013455E+001   0.0000000000000000E+000
  0.5078365675126565E-008   0.9407825127575860E+000   0.5903050226691098E+000   0.0000000000000000E+000   0.4021151322691022E+001   0.0000000000000000E+000
  0.5045505328544088E-008   0.9413370568789126E+000   0.5928719442813750E+000   0.0000000000000000E+000   0.4038712362523651E+001   0.0000000000000000E+000
  0.4981182425613167E-008   0.9424235159199196E+000   0.5979380035687786E+000   0.0000000000000000E+000   0.4073312666036307E+001   0.0000000000000000E+000
  0.4854449821864248E-008   0.9446313704312097E+000   0.6084024671316987E+000   0.0000000000000000E+000   0.4144346170845858E+001   0.0000000000000000E+000
  0.4792448208586417E-008   0.9457527151518961E+000   0.6138158141003593E+000   0.0000000000000000E+000   0.4180764958296375E+001   0.0000000000000000E+000
  0.4732959274735199E-008   0.9468538899665612E+000   0.6192059059956475E+000   0.0000000000000000E+000   0.4216711855860422E+001   0.0000000000000000E+000
  0.4675248299801709E-008   0.9479661934968135E+000   0.6247341076451941E+000   0.0000000000000000E+000   0.4253179118336149E+001   0.0000000000000000E+000
  0.4619932544243693E-008   0.9490893924423109E+000   0.6304118317207106E+000   0.0000000000000000E+000   0.4290132426786202E+001   0.0000000000000000E+000
  0.4567714875531199E-008   0.9502230625853048E+000   0.6362505746572936E+000   0.0000000000000000E+000   0.4327529650318350E+001   0.0000000000000000E+000
  0.4520460101234822E-008   0.9513342630346359E+000   0.6420883005523184E+000   0.0000000000000000E+000   0.4364256095570577E+001   0.0000000000000000E+000
  0.4476989374616809E-008   0.9524540525504471E+000   0.6480915035191328E+000   0.0000000000000000E+000   0.4401326823934710E+001   0.0000000000000000E+000
  0.4437232398728968E-008   0.9535816201672016E+000   0.6542564938676296E+000   0.0000000000000000E+000   0.4438737194651544E+001   0.0000000000000000E+000
  0.4400318510133144E-008   0.9547162347301470E+000   0.6605677139890064E+000   0.0000000000000000E+000   0.4476543804981474E+001   0.0000000000000000E+000
  0.4365561807998498E-008   0.9558252222445467E+000   0.6668154357852585E+000   0.0000000000000000E+000   0.4513760069727554E+001   0.0000000000000000E+000
  0.4329727135487888E-008   0.9569405290518890E+000   0.6731477197842708E+000   0.0000000000000000E+000   0.4551554172618304E+001   0.0000000000000000E+000
  0.4310916263332776E-008   0.9575007581878636E+000   0.6763382427508571E+000   0.0000000000000000E+000   0.4570720247011231E+001   0.0000000000000000E+000
  0.4291457007923337E-008   0.9580628202014948E+000   0.6795411845403821E+000   0.0000000000000000E+000   0.4590083078025367E+001   0.0000000000000000E+000
  0.4249187759791352E-008   0.9591928868744829E+000   0.6859761771375327E+000   0.0000000000000000E+000   0.4629443842058617E+001   0.0000000000000000E+000
  0.4202384363648865E-008   0.9603000717208384E+000   0.6922726401102919E+000   0.0000000000000000E+000   0.4668571796647594E+001   0.0000000000000000E+000
  0.4177303114188147E-008   0.9608575305435096E+000   0.6954398202781479E+000   0.0000000000000000E+000   0.4688479908401868E+001   0.0000000000000000E+000
  0.4151425913611699E-008   0.9614177474039376E+000   0.6986205691252150E+000   0.0000000000000000E+000   0.4708623466687511E+001   0.0000000000000000E+000
  0.4096248166050996E-008   0.9625470271849764E+000   0.7050288518047766E+000   0.0000000000000000E+000   0.4749632102062712E+001   0.0000000000000000E+000
  0.4035776594426990E-008   0.9636896980325999E+000   0.7115151456469853E+000   0.0000000000000000E+000   0.4791642122318867E+001   0.0000000000000000E+000
  0.4005939126586779E-008   0.9642348282310956E+000   0.7146137167712280E+000   0.0000000000000000E+000   0.4811854513614193E+001   0.0000000000000000E+000
  0.3976188122303107E-008   0.9647725280209146E+000   0.7176737301073496E+000   0.0000000000000000E+000   0.4831895373542359E+001   0.0000000000000000E+000
  0.3915237499610389E-008   0.9658463256794104E+000   0.7237988525564282E+000   0.0000000000000000E+000   0.4872215204938713E+001   0.0000000000000000E+000
  0.3851289079412257E-008   0.9669329308815016E+000   0.7300222142861044E+000   0.0000000000000000E+000   0.4913397724492308E+001   0.0000000000000000E+000
  0.3818502553158081E-008   0.9674822001067861E+000   0.7331797688660382E+000   0.0000000000000000E+000   0.4934353438329655E+001   0.0000000000000000E+000
  0.3785345889377573E-008   0.9680356011944261E+000   0.7363702058299403E+000   0.0000000000000000E+000   0.4955557773636887E+001   0.0000000000000000E+000
  0.3719459248708935E-008   0.9691233292314391E+000   0.7426709316780506E+000   0.0000000000000000E+000   0.4997493232090119E+001   0.0000000000000000E+000
  0.3685836064001533E-008   0.9696736109966372E+000   0.7458748165077075E+000   0.0000000000000000E+000   0.5018833818611339E+001   0.0000000000000000E+000
  0.3651975714328435E-008   0.9702270081260033E+000   0.7491089353820286E+000   0.0000000000000000E+000   0.5040377506512200E+001   0.0000000000000000E+000
  0.3583271518406561E-008   0.9713475201800028E+000   0.7556974468826310E+000   0.0000000000000000E+000   0.5084244202340476E+001   0.0000000000000000E+000
  0.3548460153982956E-008   0.9719149404602168E+000   0.7590555907479721E+000   0.0000000000000000E+000   0.5106579336677350E+001   0.0000000000000000E+000
  0.3479243682614596E-008   0.9730466249523675E+000   0.7658005999773645E+000   0.0000000000000000E+000   0.5151359899375430E+001   0.0000000000000000E+000
  0.3410438207549957E-008   0.9741800457862766E+000   0.7726235735871066E+000   0.0000000000000000E+000   0.5196510770947271E+001   0.0000000000000000E+000
  0.3341391206153797E-008   0.9753339448662270E+000   0.7796438752464041E+000   0.0000000000000000E+000   0.5242773917938517E+001   0.0000000000000000E+000
  0.3306644290964267E-008   0.9759188379575829E+000   0.7832325578732100E+000   0.0000000000000000E+000   0.5266333720402198E+001   0.0000000000000000E+000
  0.3246191261042814E-008   0.9769476777451527E+000   0.7895977025190652E+000   0.0000000000000000E+000   0.5307947139865232E+001   0.0000000000000000E+000
  0.3195554828732550E-008   0.9778295451434598E+000   0.7951094863861137E+000   0.0000000000000000E+000   0.5343783538223022E+001   0.0000000000000000E+000
  0.3154020308413263E-008   0.9785654015613323E+000   0.7997499993588836E+000   0.0000000000000000E+000   0.5373800090916015E+001   0.0000000000000000E+000
  0.3121100333523459E-008   0.9791587322794796E+000   0.8035202528137891E+000   0.0000000000000000E+000   0.5398075077314278E+001   0.0000000000000000E+000
  0.3096417509008354E-008   0.9796073660469093E+000   0.8063886084741618E+000   0.0000000000000000E+000   0.5416471207208305E+001   0.0000000000000000E+000
  0.3055447718590337E-008   0.9803621725555731E+000   0.8112500791265868E+000   0.0000000000000000E+000   0.5447497741043533E+001   0.0000000000000000E+000
  0.3007537502897543E-008   0.9812765705466969E+000   0.8172019310432037E+000   0.0000000000000000E+000   0.5485205279586599E+001   0.0000000000000000E+000
  0.2961415998414611E-008   0.9821932288721698E+000   0.8232410091852891E+000   0.0000000000000000E+000   0.5523130180043347E+001   0.0000000000000000E+000
  0.2918121986790195E-008   0.9831042702841926E+000   0.8293195988475460E+000   0.0000000000000000E+000   0.5560936062486563E+001   0.0000000000000000E+000
  0.2890363609505430E-008   0.9837143260608583E+000   0.8334352824702008E+000   0.0000000000000000E+000   0.5586309228717372E+001   0.0000000000000000E+000
  0.2863785432997662E-008   0.9843294412071197E+000   0.8376241878451769E+000   0.0000000000000000E+000   0.5611934567411258E+001   0.0000000000000000E+000
  0.2850938486498462E-008   0.9846387966376654E+000   0.8397464452103769E+000   0.0000000000000000E+000   0.5624836626832872E+001   0.0000000000000000E+000
  0.2838092448800438E-008   0.9849493529021777E+000   0.8418878657791985E+000   0.0000000000000000E+000   0.5637797311410273E+001   0.0000000000000000E+000
  0.2813681672375462E-008   0.9855696693474318E+000   0.8461995169514491E+000   0.0000000000000000E+000   0.5663706969554246E+001   0.0000000000000000E+000
  0.2791618661250856E-008   0.9861943060202707E+000   0.8505903462989678E+000   0.0000000000000000E+000   0.5689821771764350E+001   0.0000000000000000E+000
  0.2771886213922418E-008   0.9868178959724484E+000   0.8550272649377192E+000   0.0000000000000000E+000   0.5715910756940208E+001   0.0000000000000000E+000
  0.2756423640456461E-008   0.9874267282096759E+000   0.8594161932561447E+000   0.0000000000000000E+000   0.5741393408734673E+001   0.0000000000000000E+000
  0.2749388592028707E-008   0.9877320114963899E+000   0.8616402220709753E+000   0.0000000000000000E+000   0.5754172566044524E+001   0.0000000000000000E+000
  0.2738736655730996E-008   0.9883414619258883E+000   0.8661321459336239E+000   0.0000000000000000E+000   0.5779678548852821E+001   0.0000000000000000E+000
  0.2735677064333579E-008   0.9886450765385104E+000   0.8683988368607201E+000   0.0000000000000000E+000   0.5792379947666932E+001   0.0000000000000000E+000
  0.2733589337793929E-008   0.9889488159209463E+000   0.8706881735974251E+000   0.0000000000000000E+000   0.5805080667783783E+001   0.0000000000000000E+000
  0.2733226856212626E-008   0.9892524987694663E+000   0.8730010459631943E+000   0.0000000000000000E+000   0.5817770451802297E+001   0.0000000000000000E+000
  0.2739019554263785E-008   0.9898559894490263E+000   0.8776820659687742E+000   0.0000000000000000E+000   0.5842950594406002E+001   0.0000000000000000E+000
  0.2747915178877895E-008   0.9901546652052027E+000   0.8800511247322206E+000   0.0000000000000000E+000   0.5855388994362946E+001   0.0000000000000000E+000
  0.2759614705909372E-008   0.9904521288609518E+000   0.8824547797723735E+000   0.0000000000000000E+000   0.5867755924790869E+001   0.0000000000000000E+000
  0.2775336298347166E-008   0.9907442799697239E+000   0.8848691484020929E+000   0.0000000000000000E+000   0.5879873284416878E+001   0.0000000000000000E+000
  0.2817051434084659E-008   0.9911783740269072E+000   0.8885971235903176E+000   0.0000000000000000E+000   0.5897806854919271E+001   0.0000000000000000E+000
  0.2848894887131705E-008   0.9913921423224645E+000   0.8905282606700736E+000   0.0000000000000000E+000   0.5906594907522172E+001   0.0000000000000000E+000
  0.2891874909340060E-008   0.9916031627593850E+000   0.8925327209141308E+000   0.0000000000000000E+000   0.5915227959923822E+001   0.0000000000000000E+000
  0.2929685443333516E-008   0.9917401046621932E+000   0.8939105814187007E+000   0.0000000000000000E+000   0.5920799346706102E+001   0.0000000000000000E+000
  0.2977850573235269E-008   0.9918750510084768E+000   0.8953545648493997E+000   0.0000000000000000E+000   0.5926256262429797E+001   0.0000000000000000E+000
  0.3041697200970821E-008   0.9920074767446203E+000   0.8968863120074702E+000   0.0000000000000000E+000   0.5931566830091796E+001   0.0000000000000000E+000
  0.3127164642821978E-008   0.9921367061876127E+000   0.8985134116405001E+000   0.0000000000000000E+000   0.5936689750674900E+001   0.0000000000000000E+000
  0.3176353936493366E-008   0.9921998646257904E+000   0.8993432865561545E+000   0.0000000000000000E+000   0.5939166189477991E+001   0.0000000000000000E+000
  0.3225891499289118E-008   0.9922620328423801E+000   0.9001519399367048E+000   0.0000000000000000E+000   0.5941584117059618E+001   0.0000000000000000E+000
  0.3271635693366385E-008   0.9923232699148294E+000   0.9009107814987504E+000   0.0000000000000000E+000   0.5943946878663738E+001   0.0000000000000000E+000
  0.3310459032205059E-008   0.9923837094718886E+000   0.9016022040334408E+000   0.0000000000000000E+000   0.5946262031791198E+001   0.0000000000000000E+000
  0.3341968808506688E-008   0.9924435388731643E+000   0.9022301276077834E+000   0.0000000000000000E+000   0.5948539553183823E+001   0.0000000000000000E+000
  0.3367139107832011E-008   0.9925028587309801E+000   0.9028056026989916E+000   0.0000000000000000E+000   0.5950785758144285E+001   0.0000000000000000E+000
  0.3387147391774596E-008   0.9925617775373489E+000   0.9033396108382395E+000   0.0000000000000000E+000   0.5953006755980104E+001   0.0000000000000000E+000
  0.3402523375525949E-008   0.9926203817357137E+000   0.9038405274950390E+000   0.0000000000000000E+000   0.5955207358818522E+001   0.0000000000000000E+000
  0.3408770215602716E-008   0.9926491046988795E+000   0.9040766773553316E+000   0.0000000000000000E+000   0.5956283146171113E+001   0.0000000000000000E+000
  0.3414347651458336E-008   0.9926777758888281E+000   0.9043070241041489E+000   0.0000000000000000E+000   0.5957355330626678E+001   0.0000000000000000E+000
  0.3419177208469576E-008   0.9927064018284119E+000   0.9045321142697205E+000   0.0000000000000000E+000   0.5958424262652080E+001   0.0000000000000000E+000
  0.3423415536861994E-008   0.9927349885220935E+000   0.9047524147361925E+000   0.0000000000000000E+000   0.5959490262398997E+001   0.0000000000000000E+000
  0.3430094762791268E-008   0.9927920606147991E+000   0.9051801804591425E+000   0.0000000000000000E+000   0.5961614416458176E+001   0.0000000000000000E+000
  0.3434333725530676E-008   0.9928490373692302E+000   0.9055929252389749E+000   0.0000000000000000E+000   0.5963730057473900E+001   0.0000000000000000E+000
  0.3436677512015952E-008   0.9929059538476003E+000   0.9059927143226643E+000   0.0000000000000000E+000   0.5965838966017257E+001   0.0000000000000000E+000
  0.3436993701399377E-008   0.9929628411643314E+000   0.9063812951629368E+000   0.0000000000000000E+000   0.5967942662330564E+001   0.0000000000000000E+000
  0.3436228969755064E-008   0.9930197272213286E+000   0.9067601922933481E+000   0.0000000000000000E+000   0.5970042511523201E+001   0.0000000000000000E+000
  0.3430237942287960E-008   0.9931335708541095E+000   0.9074937005820505E+000   0.0000000000000000E+000   0.5974234508712676E+001   0.0000000000000000E+000
  0.3418868385437174E-008   0.9932476830996861E+000   0.9082010509994000E+000   0.0000000000000000E+000   0.5978423750535980E+001   0.0000000000000000E+000
  0.3407742706760697E-008   0.9933330090795296E+000   0.9087148420998156E+000   0.0000000000000000E+000   0.5981548614937110E+001   0.0000000000000000E+000
  0.3394965699331758E-008   0.9934175536070925E+000   0.9092132545828013E+000   0.0000000000000000E+000   0.5984638864636234E+001   0.0000000000000000E+000
  0.3375436418362431E-008   0.9935307907058116E+000   0.9098668150252562E+000   0.0000000000000000E+000   0.5988769003132057E+001   0.0000000000000000E+000
  0.3341405607455991E-008   0.9937019347728957E+000   0.9108299565518170E+000   0.0000000000000000E+000   0.5994992818927378E+001   0.0000000000000000E+000
  0.3288523466564362E-008   0.9939323751834407E+000   0.9120913632671550E+000   0.0000000000000000E+000   0.6003339301239896E+001   0.0000000000000000E+000
  0.3237336848061942E-008   0.9941351871356393E+000   0.9131776822665010E+000   0.0000000000000000E+000   0.6010653603560279E+001   0.0000000000000000E+000
  0.3183228532236197E-008   0.9943393136456680E+000   0.9142562983580238E+000   0.0000000000000000E+000   0.6017985535125723E+001   0.0000000000000000E+000
  0.3118207004729421E-008   0.9945769047379969E+000   0.9155002100606870E+000   0.0000000000000000E+000   0.6026481322445425E+001   0.0000000000000000E+000
  0.3051443053063705E-008   0.9948163641820965E+000   0.9167464089041915E+000   0.0000000000000000E+000   0.6035001348482495E+001   0.0000000000000000E+000
  0.3000692009765079E-008   0.9949970097457793E+000   0.9176836144374303E+000   0.0000000000000000E+000   0.6041399620183641E+001   0.0000000000000000E+000
  0.2949206980783332E-008   0.9951797945336880E+000   0.9186305010031390E+000   0.0000000000000000E+000   0.6047847317717961E+001   0.0000000000000000E+000
  0.2897806343186380E-008   0.9953621066215506E+000   0.9195731306541257E+000   0.0000000000000000E+000   0.6054251041675782E+001   0.0000000000000000E+000
  0.2813459530199744E-008   0.9956643990450988E+000   0.9211289125746379E+000   0.0000000000000000E+000   0.6064807490311289E+001   0.0000000000000000E+000
  0.2741537329023628E-008   0.9959030133121459E+000   0.9223494943291817E+000   0.0000000000000000E+000   0.6073081691098766E+001   0.0000000000000000E+000
  0.2705151803766146E-008   0.9960248271611293E+000   0.9229721872577250E+000   0.0000000000000000E+000   0.6077284098965268E+001   0.0000000000000000E+000
  0.2652979225923141E-008   0.9962104639672776E+000   0.9239250285331689E+000   0.0000000000000000E+000   0.6083659718632192E+001   0.0000000000000000E+000
  0.2601320373892545E-008   0.9963947147096741E+000   0.9248735869566317E+000   0.0000000000000000E+000   0.6089952424838367E+001   0.0000000000000000E+000
  0.2506837265408970E-008   0.9967338997557016E+000   0.9266196879650240E+000   0.0000000000000000E+000   0.6101437964431015E+001   0.0000000000000000E+000
  0.2447321230112719E-008   0.9969424802217832E+000   0.9276894618926891E+000   0.0000000000000000E+000   0.6108432788832969E+001   0.0000000000000000E+000
  0.2422315625119020E-008   0.9970288144682310E+000   0.9281301262379593E+000   0.0000000000000000E+000   0.6111311850278204E+001   0.0000000000000000E+000
  0.2370358670946945E-008   0.9972037607796413E+000   0.9290196068853180E+000   0.0000000000000000E+000   0.6117115531104199E+001   0.0000000000000000E+000
  0.2292535779949709E-008   0.9974645065334051E+000   0.9303428964762273E+000   0.0000000000000000E+000   0.6125685902747544E+001   0.0000000000000000E+000
  0.2234452013687236E-008   0.9976615973448950E+000   0.9313422911208902E+000   0.0000000000000000E+000   0.6132097205190226E+001   0.0000000000000000E+000
  0.2202020033359834E-008   0.9977706037415721E+000   0.9318949720990429E+000   0.0000000000000000E+000   0.6135617155677713E+001   0.0000000000000000E+000
  0.2159657270601788E-008   0.9979133582994342E+000   0.9326190620281428E+000   0.0000000000000000E+000   0.6140197579258754E+001   0.0000000000000000E+000
  0.2106261959564587E-008   0.9980949388756387E+000   0.9335404963167375E+000   0.0000000000000000E+000   0.6145973848557118E+001   0.0000000000000000E+000
  0.2065421011567921E-008   0.9982343640846002E+000   0.9342480018280359E+000   0.0000000000000000E+000   0.6150369563181123E+001   0.0000000000000000E+000
  0.2030250293327591E-008   0.9983526298916187E+000   0.9348477836072844E+000   0.0000000000000000E+000   0.6154070081093683E+001   0.0000000000000000E+000
  0.1988958635998032E-008   0.9984903515370931E+000   0.9355458694274492E+000   0.0000000000000000E+000   0.6158345566916742E+001   0.0000000000000000E+000
  0.1912220146075205E-008   0.9987461474259868E+000   0.9368433620020888E+000   0.0000000000000000E+000   0.6166185414333440E+001   0.0000000000000000E+000
  0.1854079565338286E-008   0.9989396324723754E+000   0.9378268011224526E+000   0.0000000000000000E+000   0.6172023273205569E+001   0.0000000000000000E+000
  0.1801235137584341E-008   0.9991160039389857E+000   0.9387251082015827E+000   0.0000000000000000E+000   0.6177271572397614E+001   0.0000000000000000E+000
  0.1762616639356374E-008   0.9992421451632042E+000   0.9393685955196909E+000   0.0000000000000000E+000   0.6180980395184290E+001   0.0000000000000000E+000
  0.1712007385194246E-008   0.9994042384722249E+000   0.9401977907813106E+000   0.0000000000000000E+000   0.6185689097603852E+001   0.0000000000000000E+000
  0.1657203064312272E-008   0.9995825804176608E+000   0.9411158329864741E+000   0.0000000000000000E+000   0.6190792441256407E+001   0.0000000000000000E+000
  0.1631876338762615E-008   0.9996695481969667E+000   0.9415661613369732E+000   0.0000000000000000E+000   0.6193250641145047E+001   0.0000000000000000E+000
  0.1589393142215292E-008   0.9998215190676681E+000   0.9423571984767644E+000   0.0000000000000000E+000   0.6197496687193293E+001   0.0000000000000000E+000
  0.1562476606289234E-008   0.9999172002541067E+000   0.9428577114590653E+000   0.0000000000000000E+000   0.6200136757682219E+001   0.0000000000000000E+000
  0.1551615874833812E-008   0.9999563001143180E+000   0.9430628031334334E+000   0.0000000000000000E+000   0.6201208036916640E+001   0.0000000000000000E+000
  0.1547266720197019E-008   0.9999721126170174E+000   0.9431458396137048E+000   0.0000000000000000E+000   0.6201640012174764E+001   0.0000000000000000E+000
  0.1544134232509337E-008   0.9999835106394414E+000   0.9432057282250202E+000   0.0000000000000000E+000   0.6201950935970420E+001   0.0000000000000000E+000
  0.1542328300588988E-008   0.9999900873565509E+000   0.9432402970573091E+000   0.0000000000000000E+000   0.6202130167015250E+001   0.0000000000000000E+000
  0.1541478516971723E-008   0.9999931835325893E+000   0.9432565745548074E+000   0.0000000000000000E+000   0.6202214501060168E+001   0.0000000000000000E+000
  0.1540538181943397E-008   0.9999966107000543E+000   0.9432745945953438E+000   0.0000000000000000E+000   0.6202307817773054E+001   0.0000000000000000E+000
  0.1540123327884297E-008   0.9999981230355062E+000   0.9432825472639296E+000   0.0000000000000000E+000   0.6202348985428754E+001   0.0000000000000000E+000
  0.1539947571212897E-008   0.9999987638205392E+000   0.9432859170043340E+000   0.0000000000000000E+000   0.6202366426362047E+001   0.0000000000000000E+000
  0.1539812661529580E-008   0.9999992557103992E+000   0.9432885038000416E+000   0.0000000000000000E+000   0.6202379813834266E+001   0.0000000000000000E+000
  0.1539728187449541E-008   0.9999995637202972E+000   0.9432901236176759E+000   0.0000000000000000E+000   0.6202388196392183E+001   0.0000000000000000E+000
  0.1539685036272579E-008   0.9999997210619503E+000   0.9432909510821191E+000   0.0000000000000000E+000   0.6202392478372305E+001   0.0000000000000000E+000
  0.1539658842516150E-008   0.9999998165731361E+000   0.9432914533809200E+000   0.0000000000000000E+000   0.6202395077629313E+001   0.0000000000000000E+000
  0.1539646160795777E-008   0.9999998628152498E+000   0.9432916965715599E+000   0.0000000000000000E+000   0.6202396336060079E+001   0.0000000000000000E+000
  0.1539632136451723E-008   0.9999999139532927E+000   0.9432919655107902E+000   0.0000000000000000E+000   0.6202397727721094E+001   0.0000000000000000E+000
  0.1539621528931647E-008   0.9999999526324727E+000   0.9432921689281994E+000   0.0000000000000000E+000   0.6202398780323851E+001   0.0000000000000000E+000
  0.1539615986798805E-008   0.9999999728413161E+000   0.9432922752085189E+000   0.0000000000000000E+000   0.6202399330279058E+001   0.0000000000000000E+000
  0.1539613439846280E-008   0.9999999821285430E+000   0.9432923240509996E+000   0.0000000000000000E+000   0.6202399583017450E+001   0.0000000000000000E+000
  0.1539611382690969E-008   0.9999999896297780E+000   0.9432923635007787E+000   0.0000000000000000E+000   0.6202399787152481E+001   0.0000000000000000E+000
  0.1539610207173070E-008   0.9999999939162016E+000   0.9432923860435345E+000   0.0000000000000000E+000   0.6202399903801096E+001   0.0000000000000000E+000
  0.1539609658189756E-008   0.9999999959180244E+000   0.9432923965713335E+000   0.0000000000000000E+000   0.6202399958277692E+001   0.0000000000000000E+000
  0.1539609109206364E-008   0.9999999979198435E+000   0.9432924070991143E+000   0.0000000000000000E+000   0.6202400012754178E+001   0.0000000000000000E+000
  0.1539608745938484E-008   0.9999999992444657E+000   0.9432924140654454E+000   0.0000000000000000E+000   0.6202400048801765E+001   0.0000000000000000E+000
  0.1539608603080334E-008   0.9999999997653893E+000   0.9432924168050386E+000   0.0000000000000000E+000   0.6202400062977912E+001   0.0000000000000000E+000
  0.1539608554865689E-008   0.9999999999412025E+000   0.9432924177296589E+000   0.0000000000000000E+000   0.6202400067762400E+001   0.0000000000000000E+000
  0.1539608541855395E-008   0.9999999999886421E+000   0.9432924179791488E+000   0.0000000000000000E+000   0.6202400069053397E+001   0.0000000000000000E+000
