                                                                                                                                                                                                                                                                
                        1                         2                         3                         4
                        l                      n_pg                 Re(omega)                 Im(omega)
                        2                        -2   0.2879513615117195E+000   0.0000000000000000E+000
                        1                         2                         3                         4                         5                         6
                      rho                         x                  Re(xi_h)                  Im(xi_h)                  Re(xi_r)                  Im(xi_r)
  0.4191254344464327E-005   0.5000000000000000E-001   0.5612535330674472E-005   0.0000000000000000E+000   0.2889152374530399E-025   0.0000000000000000E+000
  0.4120757581632027E-005   0.5050050790039731E-001   0.7726667545421670E-005   0.0000000000000000E+000   0.4303040698381571E-006   0.0000000000000000E+000
  0.4054614613656466E-005   0.5101092540026647E-001   0.1379368042544019E-004   0.0000000000000000E+000   0.1012312463432423E-005   0.0000000000000000E+000
  0.3986445261042842E-005   0.5151969454343995E-001   0.3038814942278585E-004   0.0000000000000000E+000   0.2293742963668205E-005   0.0000000000000000E+000
  0.3918289023667686E-005   0.5202713012989916E-001   0.4465436257762058E-004   0.0000000000000000E+000   0.4529980576503710E-005   0.0000000000000000E+000
  0.3786685967347847E-005   0.5303879687199432E-001   0.6428521955537267E-004   0.0000000000000000E+000   0.1078117099238068E-004   0.0000000000000000E+000
  0.3664365343265207E-005   0.5404572639406180E-001   0.8970630814994218E-004   0.0000000000000000E+000   0.1928172275707143E-004   0.0000000000000000E+000
  0.3559171590415103E-005   0.5495580031569114E-001   0.1251269040951042E-003   0.0000000000000000E+000   0.2979898601555883E-004   0.0000000000000000E+000
  0.3459897543176055E-005   0.5586202433351493E-001   0.1779939205184966E-003   0.0000000000000000E+000   0.4433536422547128E-004   0.0000000000000000E+000
  0.3402705897240289E-005   0.5640378543405242E-001   0.2204199481155554E-003   0.0000000000000000E+000   0.5569304581664124E-004   0.0000000000000000E+000
  0.3346697937629846E-005   0.5694417589623041E-001   0.2728631859181188E-003   0.0000000000000000E+000   0.6958547141974565E-004   0.0000000000000000E+000
  0.3274639620627356E-005   0.5766264864056105E-001   0.3619148551214622E-003   0.0000000000000000E+000   0.9302437283349381E-004   0.0000000000000000E+000
  0.3205216128701691E-005   0.5837870815029859E-001   0.4782764222036984E-003   0.0000000000000000E+000   0.1235654697660056E-003   0.0000000000000000E+000
  0.3105978132991372E-005   0.5944642559702262E-001   0.7201083665869938E-003   0.0000000000000000E+000   0.1870631373454970E-003   0.0000000000000000E+000
  0.3013416130648154E-005   0.6050881373110161E-001   0.1072774421236559E-002   0.0000000000000000E+000   0.2799612065387035E-003   0.0000000000000000E+000
  0.2950899892317889E-005   0.6125770233835483E-001   0.1413200352094580E-002   0.0000000000000000E+000   0.3700000184061527E-003   0.0000000000000000E+000
  0.2889794457845382E-005   0.6200396592996565E-001   0.1851524013659850E-002   0.0000000000000000E+000   0.4864114449537824E-003   0.0000000000000000E+000
  0.2774153756860615E-005   0.6348962168120045E-001   0.3128268870537562E-002   0.0000000000000000E+000   0.8279725493658558E-003   0.0000000000000000E+000
  0.2681503715265046E-005   0.6479058253042963E-001   0.4880840350004086E-002   0.0000000000000000E+000   0.1301324837380407E-002   0.0000000000000000E+000
  0.2637038605360671E-005   0.6543782395062724E-001   0.6059758880427118E-002   0.0000000000000000E+000   0.1621996553293125E-002   0.0000000000000000E+000
  0.2593562130853733E-005   0.6608311237742842E-001   0.7494184348767990E-002   0.0000000000000000E+000   0.2014164764619786E-002   0.0000000000000000E+000
  0.2551508871841186E-005   0.6672592838693027E-001   0.9231212352266080E-002   0.0000000000000000E+000   0.2491552479873178E-002   0.0000000000000000E+000
  0.2510357309572667E-005   0.6736682278561069E-001   0.1132497877237729E-001   0.0000000000000000E+000   0.3070922672080847E-002   0.0000000000000000E+000
  0.2431539362408372E-005   0.6864338934530585E-001   0.2400862253177976E-001   0.0000000000000000E+000   0.4804931756518027E-002   0.0000000000000000E+000
  0.2363327350752071E-005   0.6986744706004974E-001   0.1545638907602559E+000   0.0000000000000000E+000   0.1165267921924367E-001   0.0000000000000000E+000
  0.2312594354889370E-005   0.7108100770219324E-001   0.1496847247842239E+001   0.0000000000000000E+000   0.7151689526605194E-001   0.0000000000000000E+000
  0.2286237844610481E-005   0.7227383153326902E-001   0.6942217240625532E+001   0.0000000000000000E+000   0.4891130998039497E+000   0.0000000000000000E+000
  0.2251614114188718E-005   0.7286029739176035E-001  -0.1658916920668835E+002   0.0000000000000000E+000   0.4718107910035873E+000   0.0000000000000000E+000
  0.2171705061742687E-005   0.7345427106167500E-001  -0.5017397865258787E+001   0.0000000000000000E+000  -0.5397474988901996E+000   0.0000000000000000E+000
  0.2145585221952139E-005   0.7370335448440608E-001   0.1101350191358131E+002   0.0000000000000000E+000  -0.4309180996343577E+000   0.0000000000000000E+000
  0.2140132531430705E-005   0.7395284112388256E-001   0.7588778446139502E+001   0.0000000000000000E+000  -0.2285217987011926E+000   0.0000000000000000E+000
  0.2138720314000650E-005   0.7444626671037026E-001   0.1875664815641437E+001   0.0000000000000000E+000  -0.6590991753266658E-001   0.0000000000000000E+000
  0.2104600602893827E-005   0.7542252468083623E-001   0.1781494715303960E+000   0.0000000000000000E+000  -0.1277587277854419E-001   0.0000000000000000E+000
  0.2037642495361127E-005   0.7695262822710867E-001   0.2275378958810741E-001   0.0000000000000000E+000  -0.4758690463283663E-002   0.0000000000000000E+000
  0.1972728758967979E-005   0.7847197061747871E-001   0.1083380519976425E-001   0.0000000000000000E+000  -0.2972151885978737E-002   0.0000000000000000E+000
  0.1928958651132836E-005   0.7954366657475151E-001   0.7936133778522234E-002   0.0000000000000000E+000  -0.2203171299272067E-002   0.0000000000000000E+000
  0.1886797328861527E-005   0.8061046528822745E-001   0.5863562820140284E-002   0.0000000000000000E+000  -0.1647522127993892E-002   0.0000000000000000E+000
  0.1846363126767661E-005   0.8167243866342772E-001   0.4369475269275046E-002   0.0000000000000000E+000  -0.1242440038040638E-002   0.0000000000000000E+000
  0.1807479610325774E-005   0.8272965743194166E-001   0.3282961457098635E-002   0.0000000000000000E+000  -0.9445528423407062E-003   0.0000000000000000E+000
  0.1766097520638374E-005   0.8389736744079127E-001   0.2412624247248643E-002   0.0000000000000000E+000  -0.7031412900014482E-003   0.0000000000000000E+000
  0.1726523809298650E-005   0.8505940114835157E-001   0.1789582024793225E-002   0.0000000000000000E+000  -0.5282018113341682E-003   0.0000000000000000E+000
  0.1688672618787765E-005   0.8621448070840008E-001   0.1339743619878034E-002   0.0000000000000000E+000  -0.4003625045468243E-003   0.0000000000000000E+000
  0.1651901162168772E-005   0.8736407820003435E-001   0.1011528797611071E-002   0.0000000000000000E+000  -0.3059684720735782E-003   0.0000000000000000E+000
  0.1579055735780746E-005   0.8979669384258872E-001   0.5707182917276921E-003   0.0000000000000000E+000  -0.1769685546219397E-003   0.0000000000000000E+000
  0.1545344062403594E-005   0.9100322734408131E-001   0.4343026670851204E-003   0.0000000000000000E+000  -0.1362680079576580E-003   0.0000000000000000E+000
  0.1512569917642471E-005   0.9220394543068140E-001   0.3331549133359069E-003   0.0000000000000000E+000  -0.1057268255180249E-003   0.0000000000000000E+000
  0.1481181698498628E-005   0.9339759655567245E-001   0.2576067730131151E-003   0.0000000000000000E+000  -0.8264502077909845E-004   0.0000000000000000E+000
  0.1450776630566171E-005   0.9458563745759177E-001   0.2006558870403841E-003   0.0000000000000000E+000  -0.6504218617398785E-004   0.0000000000000000E+000
  0.1400300665596454E-005   0.9664690748029811E-001   0.1318963812051866E-003   0.0000000000000000E+000  -0.4346524441610242E-004   0.0000000000000000E+000
  0.1353859038682221E-005   0.9869182722363894E-001   0.8844370046703533E-004   0.0000000000000000E+000  -0.2956196341570279E-004   0.0000000000000000E+000
  0.1325504958529827E-005   0.9999634207430146E-001   0.6910502471755515E-004   0.0000000000000000E+000  -0.2327527180413469E-004   0.0000000000000000E+000
  0.1298086848098312E-005   0.1012944289215020E+000   0.5439065705377554E-004   0.0000000000000000E+000  -0.1843516424402359E-004   0.0000000000000000E+000
  0.1271768245412339E-005   0.1025848667902221E+000   0.4312003138661295E-004   0.0000000000000000E+000  -0.1468489098963293E-004   0.0000000000000000E+000
  0.1246480680202813E-005   0.1038691185174252E+000   0.3441414379115165E-004   0.0000000000000000E+000  -0.1175533906087930E-004   0.0000000000000000E+000
  0.1224859900842953E-005   0.1050028441104617E+000   0.2832817021435712E-004   0.0000000000000000E+000  -0.9686084993691474E-005   0.0000000000000000E+000
  0.1203761301502016E-005   0.1061318673818574E+000   0.2343206017534498E-004   0.0000000000000000E+000  -0.8005623307074092E-005   0.0000000000000000E+000
  0.1165962186584817E-005   0.1082348251293478E+000   0.1662800936163485E-004   0.0000000000000000E+000  -0.5640483193384287E-005   0.0000000000000000E+000
  0.1130664076254009E-005   0.1103219961307046E+000   0.1198343002180380E-004   0.0000000000000000E+000  -0.3999584512123062E-005   0.0000000000000000E+000
  0.1097699598727840E-005   0.1123886775002116E+000   0.8769222835807937E-005   0.0000000000000000E+000  -0.2846818313329899E-005   0.0000000000000000E+000
  0.1081873506321922E-005   0.1134161184372724E+000   0.7540686272427164E-005   0.0000000000000000E+000  -0.2401450360690315E-005   0.0000000000000000E+000
  0.1066325093472677E-005   0.1144399084311785E+000   0.6505757156970666E-005   0.0000000000000000E+000  -0.2023829990484042E-005   0.0000000000000000E+000
  0.1046297883445548E-005   0.1157974279337194E+000   0.5371581189237132E-005   0.0000000000000000E+000  -0.1607086550851911E-005   0.0000000000000000E+000
  0.1026815151831155E-005   0.1171486839760073E+000   0.4459688712734286E-005   0.0000000000000000E+000  -0.1269522730317146E-005   0.0000000000000000E+000
  0.9866391300871706E-006   0.1200955481117155E+000   0.3019046091463453E-005   0.0000000000000000E+000  -0.7310354842238015E-006   0.0000000000000000E+000
  0.9670938565478149E-006   0.1216213336475877E+000   0.2487099064628586E-005   0.0000000000000000E+000  -0.5304832478826048E-006   0.0000000000000000E+000
  0.9479661192893359E-006   0.1231395241351645E+000   0.2061965695758306E-005   0.0000000000000000E+000  -0.3695845142975915E-006   0.0000000000000000E+000
  0.9193487892222346E-006   0.1254981328033993E+000   0.1557282226003287E-005   0.0000000000000000E+000  -0.1781045671455862E-006   0.0000000000000000E+000
  0.8884881796332538E-006   0.1282240752662408E+000   0.1143576876428728E-005   0.0000000000000000E+000  -0.2133577678751699E-007   0.0000000000000000E+000
  0.8717354831383440E-006   0.1297691146521689E+000   0.9670517919946206E-006   0.0000000000000000E+000   0.4516096187842373E-007   0.0000000000000000E+000
  0.8534958237675263E-006   0.1314946404040493E+000   0.8069240816459229E-006   0.0000000000000000E+000   0.1049797471687002E-006   0.0000000000000000E+000
  0.8359294266956124E-006   0.1332111125482946E+000   0.6783358287001014E-006   0.0000000000000000E+000   0.1524017625508352E-006   0.0000000000000000E+000
  0.8129463521626465E-006   0.1355447236698662E+000   0.5412975103344302E-006   0.0000000000000000E+000   0.2018676048431182E-006   0.0000000000000000E+000
  0.7913472476360176E-006   0.1378622758864073E+000   0.4377162998672026E-006   0.0000000000000000E+000   0.2379634223087912E-006   0.0000000000000000E+000
  0.7779414043082577E-006   0.1393523120677909E+000   0.3841966661867757E-006   0.0000000000000000E+000   0.2558899331088652E-006   0.0000000000000000E+000
  0.7647951628634504E-006   0.1408359648755200E+000   0.3390179160383471E-006   0.0000000000000000E+000   0.2704461802476267E-006   0.0000000000000000E+000
  0.7419025528987180E-006   0.1435369031499983E+000   0.2732594208490902E-006   0.0000000000000000E+000   0.2902237130266214E-006   0.0000000000000000E+000
  0.7279918937199496E-006   0.1452433095767287E+000   0.2403702860568574E-006   0.0000000000000000E+000   0.2991804778064528E-006   0.0000000000000000E+000
  0.7025443472295799E-006   0.1485026118306229E+000   0.1913590537760259E-006   0.0000000000000000E+000   0.3106399382859595E-006   0.0000000000000000E+000
  0.6874660878226435E-006   0.1505368936619176E+000   0.1678132168611569E-006   0.0000000000000000E+000   0.3149189781515633E-006   0.0000000000000000E+000
  0.6670279270313564E-006   0.1533868693058424E+000   0.1415550837581340E-006   0.0000000000000000E+000   0.3181908532626905E-006   0.0000000000000000E+000
  0.6478574085126119E-006   0.1562055100399447E+000   0.1214603011138495E-006   0.0000000000000000E+000   0.3190811133340340E-006   0.0000000000000000E+000
  0.6297678150817876E-006   0.1590040636166537E+000   0.1058160010223750E-006   0.0000000000000000E+000   0.3182832534604115E-006   0.0000000000000000E+000
  0.6182492369722876E-006   0.1608538673470966E+000   0.9730405446634726E-007   0.0000000000000000E+000   0.3170618229522549E-006   0.0000000000000000E+000
  0.6069637715081145E-006   0.1626953047728018E+000   0.8999761044528012E-007   0.0000000000000000E+000   0.3154172479445867E-006   0.0000000000000000E+000
  0.5854820211588144E-006   0.1663426172484898E+000   0.7825702315990870E-007   0.0000000000000000E+000   0.3112024871143617E-006   0.0000000000000000E+000
  0.5658281964252926E-006   0.1699486081175934E+000   0.6935611599045305E-007   0.0000000000000000E+000   0.3061572666029266E-006   0.0000000000000000E+000
  0.5564043181232781E-006   0.1717346213306651E+000   0.6570580575748457E-007   0.0000000000000000E+000   0.3034380186081166E-006   0.0000000000000000E+000
  0.5426816707218581E-006   0.1743980996610832E+000   0.6100102074006318E-007   0.0000000000000000E+000   0.2991951378239401E-006   0.0000000000000000E+000
  0.5296625799445599E-006   0.1770408937402571E+000   0.5705143141166331E-007   0.0000000000000000E+000   0.2948296035303291E-006   0.0000000000000000E+000
  0.5171609923068740E-006   0.1796584200101042E+000   0.5370920839120097E-007   0.0000000000000000E+000   0.2904103974132208E-006   0.0000000000000000E+000
  0.4993605520415842E-006   0.1835538892361770E+000   0.4956379910883106E-007   0.0000000000000000E+000   0.2837492654415581E-006   0.0000000000000000E+000
  0.4828092214087801E-006   0.1874083415096461E+000   0.4621645134810076E-007   0.0000000000000000E+000   0.2771476895008397E-006   0.0000000000000000E+000
  0.4689300575061643E-006   0.1907960017903650E+000   0.4374891546791468E-007   0.0000000000000000E+000   0.2713926106750314E-006   0.0000000000000000E+000
  0.4557993963196654E-006   0.1941515023056721E+000   0.4164844661421499E-007   0.0000000000000000E+000   0.2657693124976981E-006   0.0000000000000000E+000
  0.4464062874551111E-006   0.1966437490275223E+000   0.4026935416730820E-007   0.0000000000000000E+000   0.2616557879590677E-006   0.0000000000000000E+000
  0.4372797551292176E-006   0.1991246837008496E+000   0.3902530637871701E-007   0.0000000000000000E+000   0.2576217390770334E-006   0.0000000000000000E+000
  0.4256611197580407E-006   0.2023990426470806E+000   0.3755044781597474E-007   0.0000000000000000E+000   0.2523983709943543E-006   0.0000000000000000E+000
  0.4145601225874856E-006   0.2056548703006460E+000   0.3624277409327133E-007   0.0000000000000000E+000   0.2473250320014574E-006   0.0000000000000000E+000
  0.4015279578449705E-006   0.2096742893546510E+000   0.3480882665496930E-007   0.0000000000000000E+000   0.2412341600233266E-006   0.0000000000000000E+000
  0.3940680255140442E-006   0.2120673405414994E+000   0.3403521777855461E-007   0.0000000000000000E+000   0.2376999125349476E-006   0.0000000000000000E+000
  0.3855745997912433E-006   0.2148335619212663E+000   0.3320506287712501E-007   0.0000000000000000E+000   0.2337006814889087E-006   0.0000000000000000E+000
  0.3718859499495305E-006   0.2195460928883200E+000   0.3192680980580378E-007   0.0000000000000000E+000   0.2270995154876004E-006   0.0000000000000000E+000
  0.3664525859843018E-006   0.2214966770696440E+000   0.3144138711490096E-007   0.0000000000000000E+000   0.2244445854956477E-006   0.0000000000000000E+000
  0.3600311981834879E-006   0.2238226317360185E+000   0.3089197504343697E-007   0.0000000000000000E+000   0.2213371546220417E-006   0.0000000000000000E+000
  0.3497401165231550E-006   0.2276705088860453E+000   0.3004634652765469E-007   0.0000000000000000E+000   0.2163337680869546E-006   0.0000000000000000E+000
  0.3382296302336888E-006   0.2322292972262291E+000   0.2913375538412587E-007   0.0000000000000000E+000   0.2106221153562828E-006   0.0000000000000000E+000
  0.3309139543319647E-006   0.2352493436985603E+000   0.2857577299949061E-007   0.0000000000000000E+000   0.2069636846249613E-006   0.0000000000000000E+000
  0.3238533346681274E-006   0.2382376881668810E+000   0.2805613843836577E-007   0.0000000000000000E+000   0.2034391388728634E-006   0.0000000000000000E+000
  0.3170625021773093E-006   0.2412152016341323E+000   0.2756765394483715E-007   0.0000000000000000E+000   0.2000193639350045E-006   0.0000000000000000E+000
  0.3129498356428104E-006   0.2430624139538170E+000   0.2727817260293569E-007   0.0000000000000000E+000   0.1979428473428297E-006   0.0000000000000000E+000
  0.3088877187595216E-006   0.2449057011659987E+000   0.2699901488000877E-007   0.0000000000000000E+000   0.1959044353907104E-006   0.0000000000000000E+000
  0.3018320641287392E-006   0.2481869156827854E+000   0.2652457958724230E-007   0.0000000000000000E+000   0.1923573349942159E-006   0.0000000000000000E+000
  0.2950746031409102E-006   0.2514564796169409E+000   0.2607835921607337E-007   0.0000000000000000E+000   0.1889237974345782E-006   0.0000000000000000E+000
  0.2892586023821835E-006   0.2543403601373676E+000   0.2570499323810964E-007   0.0000000000000000E+000   0.1859763802875678E-006   0.0000000000000000E+000
  0.2808600765863146E-006   0.2586413494213351E+000   0.2518039605641637E-007   0.0000000000000000E+000   0.1817170062303821E-006   0.0000000000000000E+000
  0.2729332142677140E-006   0.2628894259340178E+000   0.2469684124855603E-007   0.0000000000000000E+000   0.1776642317241404E-006   0.0000000000000000E+000
  0.2653788485846399E-006   0.2671061549080793E+000   0.2424766125252877E-007   0.0000000000000000E+000   0.1737864617879361E-006   0.0000000000000000E+000
  0.2593729349807283E-006   0.2705772782347860E+000   0.2389905301844022E-007   0.0000000000000000E+000   0.1706984964143592E-006   0.0000000000000000E+000
  0.2535378691026711E-006   0.2740386870896441E+000   0.2356905427412265E-007   0.0000000000000000E+000   0.1677093026820326E-006   0.0000000000000000E+000
  0.2468688969437858E-006   0.2781496498519663E+000   0.2319840824734591E-007   0.0000000000000000E+000   0.1642717534458692E-006   0.0000000000000000E+000
  0.2425588327348597E-006   0.2808818399504723E+000   0.2296406173390186E-007   0.0000000000000000E+000   0.1620523974892139E-006   0.0000000000000000E+000
  0.2363000526883862E-006   0.2849276911026470E+000   0.2263348076497522E-007   0.0000000000000000E+000   0.1588582132451852E-006   0.0000000000000000E+000
  0.2284305110859922E-006   0.2902944013960318E+000   0.2222308560691975E-007   0.0000000000000000E+000   0.1547842991846588E-006   0.0000000000000000E+000
  0.2246574098299200E-006   0.2929516625519429E+000   0.2203094196805520E-007   0.0000000000000000E+000   0.1528332254581634E-006   0.0000000000000000E+000
  0.2191192496649766E-006   0.2969106698063639E+000   0.2175732095693618E-007   0.0000000000000000E+000   0.1500043206570183E-006   0.0000000000000000E+000
  0.2121601195085356E-006   0.3021444216791549E+000   0.2141731647232076E-007   0.0000000000000000E+000   0.1464021906991015E-006   0.0000000000000000E+000
  0.2087922562751836E-006   0.3047457772270905E+000   0.2125696554801862E-007   0.0000000000000000E+000   0.1446678657956080E-006   0.0000000000000000E+000
  0.2022886223562332E-006   0.3099012467153137E+000   0.2095495664908426E-007   0.0000000000000000E+000   0.1413360817013902E-006   0.0000000000000000E+000
  0.1976657367801822E-006   0.3137305741517648E+000   0.2074348200657596E-007   0.0000000000000000E+000   0.1389486061420682E-006   0.0000000000000000E+000
  0.1931677999991186E-006   0.3175349587719536E+000   0.2054354395852577E-007   0.0000000000000000E+000   0.1366473385730034E-006   0.0000000000000000E+000
  0.1874593890840263E-006   0.3225682447763573E+000   0.2029365453752552E-007   0.0000000000000000E+000   0.1337066015804597E-006   0.0000000000000000E+000
  0.1846893104053475E-006   0.3250719063998619E+000   0.2017525965541597E-007   0.0000000000000000E+000   0.1322863150334365E-006   0.0000000000000000E+000
  0.1793041027797950E-006   0.3300363229336448E+000   0.1995139466537201E-007   0.0000000000000000E+000   0.1295503368382190E-006   0.0000000000000000E+000
  0.1742164050340806E-006   0.3349565176125699E+000   0.1974302002180578E-007   0.0000000000000000E+000   0.1269399829638888E-006   0.0000000000000000E+000
  0.1705416123157128E-006   0.3386167047690152E+000   0.1959615510922221E-007   0.0000000000000000E+000   0.1250607803436376E-006   0.0000000000000000E+000
  0.1669848295920468E-006   0.3422557446764530E+000   0.1945661655873667E-007   0.0000000000000000E+000   0.1232434674515118E-006   0.0000000000000000E+000
  0.1646647183330328E-006   0.3446678367661580E+000   0.1936752663816640E-007   0.0000000000000000E+000   0.1220661004528235E-006   0.0000000000000000E+000
  0.1601553750961273E-006   0.3494626000983508E+000   0.1919803869796416E-007   0.0000000000000000E+000   0.1197880620123285E-006   0.0000000000000000E+000
  0.1563971146037817E-006   0.3536218262627264E+000   0.1905878208034803E-007   0.0000000000000000E+000   0.1178768699576036E-006   0.0000000000000000E+000
  0.1532841661755926E-006   0.3571516714039602E+000   0.1894589606482801E-007   0.0000000000000000E+000   0.1163004217835534E-006   0.0000000000000000E+000
  0.1502317690042364E-006   0.3606826732734861E+000   0.1883756673533300E-007   0.0000000000000000E+000   0.1147639037549066E-006   0.0000000000000000E+000
  0.1463073189358255E-006   0.3653515183906617E+000   0.1870095319702624E-007   0.0000000000000000E+000   0.1127922235162363E-006   0.0000000000000000E+000
  0.1428008235799573E-006   0.3696866522061690E+000   0.1858042528386100E-007   0.0000000000000000E+000   0.1110203765042818E-006   0.0000000000000000E+000
  0.1407324906031680E-006   0.3722782371476134E+000   0.1851111244444405E-007   0.0000000000000000E+000   0.1099873253044583E-006   0.0000000000000000E+000
  0.1358709855991547E-006   0.3785668139575876E+000   0.1835082062355819E-007   0.0000000000000000E+000   0.1075589280958088E-006   0.0000000000000000E+000
  0.1337678930037199E-006   0.3813924741161457E+000   0.1828226712564839E-007   0.0000000000000000E+000   0.1065026821824083E-006   0.0000000000000000E+000
  0.1316814051204508E-006   0.3842206047514394E+000   0.1821566174033872E-007   0.0000000000000000E+000   0.1054664476026925E-006   0.0000000000000000E+000
  0.1290579619536491E-006   0.3878538905927302E+000   0.1813291111433826E-007   0.0000000000000000E+000   0.1041651283820717E-006   0.0000000000000000E+000
  0.1264878680062703E-006   0.3914920017256354E+000   0.1805307173007575E-007   0.0000000000000000E+000   0.1028948393711496E-006   0.0000000000000000E+000
  0.1230699904436219E-006   0.3964840071861655E+000   0.1794811508538143E-007   0.0000000000000000E+000   0.1012033329846665E-006   0.0000000000000000E+000
  0.1208631977714147E-006   0.3997852234561317E+000   0.1788145782153057E-007   0.0000000000000000E+000   0.1001163808261048E-006   0.0000000000000000E+000
  0.1173146420589215E-006   0.4052457242757370E+000   0.1777559064314450E-007   0.0000000000000000E+000   0.9837165453134926E-007   0.0000000000000000E+000
  0.1152454311150061E-006   0.4085137845905983E+000   0.1771468223804765E-007   0.0000000000000000E+000   0.9735810784760176E-007   0.0000000000000000E+000
  0.1116020184596407E-006   0.4144346247451836E+000   0.1760850729211856E-007   0.0000000000000000E+000   0.9557795414751393E-007   0.0000000000000000E+000
  0.1096897340046751E-006   0.4176449895340267E+000   0.1755303028866505E-007   0.0000000000000000E+000   0.9464193510886218E-007   0.0000000000000000E+000
  0.1074936201800200E-006   0.4213737692857678E+000   0.1749026550147304E-007   0.0000000000000000E+000   0.9357963916718543E-007   0.0000000000000000E+000
  0.1044856785319309E-006   0.4266531020914701E+000   0.1740422567195786E-007   0.0000000000000000E+000   0.9211980146860490E-007   0.0000000000000000E+000
  0.1027338204259178E-006   0.4298144868132459E+000   0.1735418243727017E-007   0.0000000000000000E+000   0.9126959434707796E-007   0.0000000000000000E+000
  0.1010219249179655E-006   0.4329458563278302E+000   0.1730562397790923E-007   0.0000000000000000E+000   0.9044461146670091E-007   0.0000000000000000E+000
  0.9921841352747976E-007   0.4363099980210142E+000   0.1725451602255714E-007   0.0000000000000000E+000   0.8957683009177324E-007   0.0000000000000000E+000
  0.9744123565276305E-007   0.4396828233854672E+000   0.1720431961319852E-007   0.0000000000000000E+000   0.8872556511168184E-007   0.0000000000000000E+000
  0.9506301921460368E-007   0.4443185149405227E+000   0.1713691217231118E-007   0.0000000000000000E+000   0.8758528372785518E-007   0.0000000000000000E+000
  0.9353009431946631E-007   0.4473716842238196E+000   0.1709346108286669E-007   0.0000000000000000E+000   0.8685250934321174E-007   0.0000000000000000E+000
  0.9127102970513073E-007   0.4519521038502350E+000   0.1702955602187567E-007   0.0000000000000000E+000   0.8577948233337515E-007   0.0000000000000000E+000
  0.8910843951979795E-007   0.4564871021216177E+000   0.1696768159226853E-007   0.0000000000000000E+000   0.8474719236318688E-007   0.0000000000000000E+000
  0.8768623422666558E-007   0.4595092001717220E+000   0.1692715637350000E-007   0.0000000000000000E+000   0.8407538215501563E-007   0.0000000000000000E+000
  0.8450748852802808E-007   0.4664835637532055E+000   0.1683550547286603E-007   0.0000000000000000E+000   0.8257230816976229E-007   0.0000000000000000E+000
  0.8320530931186537E-007   0.4694415843063133E+000   0.1679737334289798E-007   0.0000000000000000E+000   0.8195408779758612E-007   0.0000000000000000E+000
  0.8190924868106725E-007   0.4724085838235957E+000   0.1675950709469626E-007   0.0000000000000000E+000   0.8134514302487304E-007   0.0000000000000000E+000
  0.8023212898208202E-007   0.4763072702433392E+000   0.1671028470568668E-007   0.0000000000000000E+000   0.8056153844773583E-007   0.0000000000000000E+000
  0.7780172617788668E-007   0.4821576988218220E+000   0.1663742094312986E-007   0.0000000000000000E+000   0.7941979233357935E-007   0.0000000000000000E+000
  0.7663270990880006E-007   0.4850477543510259E+000   0.1660183354509383E-007   0.0000000000000000E+000   0.7887041565512967E-007   0.0000000000000000E+000
  0.7547007828184997E-007   0.4879473626726994E+000   0.1656636352214078E-007   0.0000000000000000E+000   0.7832866467121506E-007   0.0000000000000000E+000
  0.7397056040362320E-007   0.4917573963418360E+000   0.1652008345236038E-007   0.0000000000000000E+000   0.7763084586652224E-007   0.0000000000000000E+000
  0.7249811120411665E-007   0.4955847759823232E+000   0.1647393398419551E-007   0.0000000000000000E+000   0.7694547078575603E-007   0.0000000000000000E+000
  0.7107080913786311E-007   0.4993715114615598E+000   0.1642857791476798E-007   0.0000000000000000E+000   0.7628234168379345E-007   0.0000000000000000E+000
  0.6967999483527294E-007   0.5031372727158731E+000   0.1638374529598399E-007   0.0000000000000000E+000   0.7563723235306034E-007   0.0000000000000000E+000
  0.6833124263788431E-007   0.5068629930874443E+000   0.1633963452167907E-007   0.0000000000000000E+000   0.7501266872772734E-007   0.0000000000000000E+000
  0.6700270545742178E-007   0.5106068438095446E+000   0.1629553515256463E-007   0.0000000000000000E+000   0.7439839859112259E-007   0.0000000000000000E+000
  0.6571490288791886E-007   0.5143111208036195E+000   0.1625210558863758E-007   0.0000000000000000E+000   0.7380341399794392E-007   0.0000000000000000E+000
  0.6444979714672482E-007   0.5179953585111815E+000   0.1620909574442218E-007   0.0000000000000000E+000   0.7322392818704649E-007   0.0000000000000000E+000
  0.6187986747974435E-007   0.5257609589625800E+000   0.1611891553865747E-007   0.0000000000000000E+000   0.7204113360719233E-007   0.0000000000000000E+000
  0.6072996883758880E-007   0.5293648082774302E+000   0.1607727456501373E-007   0.0000000000000000E+000   0.7150937681966095E-007   0.0000000000000000E+000
  0.5958409114238646E-007   0.5329877621513509E+000   0.1603550339768479E-007   0.0000000000000000E+000   0.7098536680047336E-007   0.0000000000000000E+000
  0.5791885030247380E-007   0.5383584844806429E+000   0.1597370527057153E-007   0.0000000000000000E+000   0.7022747692940480E-007   0.0000000000000000E+000
  0.5581184724740799E-007   0.5454502849634976E+000   0.1589222190204860E-007   0.0000000000000000E+000   0.6925998259108419E-007   0.0000000000000000E+000
  0.5479749676590942E-007   0.5489700803176968E+000   0.1585180593358255E-007   0.0000000000000000E+000   0.6879331458909915E-007   0.0000000000000000E+000
  0.5404776302077398E-007   0.5515895762667992E+000   0.1582171951655332E-007   0.0000000000000000E+000   0.6845164982352142E-007   0.0000000000000000E+000
  0.5281606304653092E-007   0.5559553695752713E+000   0.1577153391076414E-007   0.0000000000000000E+000   0.6789264284181292E-007   0.0000000000000000E+000
  0.5139509324589009E-007   0.5611525251433427E+000   0.1571168606608765E-007   0.0000000000000000E+000   0.6724369219936827E-007   0.0000000000000000E+000
  0.5047601409396153E-007   0.5645917473972588E+000   0.1567200050274822E-007   0.0000000000000000E+000   0.6682380859600386E-007   0.0000000000000000E+000
  0.4957677172757532E-007   0.5679946489392721E+000   0.1563265056205735E-007   0.0000000000000000E+000   0.6641564333384516E-007   0.0000000000000000E+000
  0.4825369978997525E-007   0.5731094458088888E+000   0.1557331441753754E-007   0.0000000000000000E+000   0.6581539636443535E-007   0.0000000000000000E+000
  0.4698504485388661E-007   0.5781575194532703E+000   0.1551449770210432E-007   0.0000000000000000E+000   0.6523809660974634E-007   0.0000000000000000E+000
  0.4574951111508195E-007   0.5831957065754123E+000   0.1545550042783852E-007   0.0000000000000000E+000   0.6467637955472909E-007   0.0000000000000000E+000
  0.4456391024307438E-007   0.5881682046797978E+000   0.1539693949139235E-007   0.0000000000000000E+000   0.6413565783670314E-007   0.0000000000000000E+000
  0.4378755457153358E-007   0.5914902647350923E+000   0.1535761290179785E-007   0.0000000000000000E+000   0.6378174744573814E-007   0.0000000000000000E+000
  0.4302986835042989E-007   0.5947772487263423E+000   0.1531852216574822E-007   0.0000000000000000E+000   0.6343720885361618E-007   0.0000000000000000E+000
  0.4229240878659585E-007   0.5980293630693122E+000   0.1527965590834573E-007   0.0000000000000000E+000   0.6310171920704375E-007   0.0000000000000000E+000
  0.4156229044294045E-007   0.6013024967462777E+000   0.1524033225118175E-007   0.0000000000000000E+000   0.6276935826881693E-007   0.0000000000000000E+000
  0.4084964205566997E-007   0.6045409859207455E+000   0.1520120687509471E-007   0.0000000000000000E+000   0.6244563024178402E-007   0.0000000000000000E+000
  0.3981077832842928E-007   0.6093553325509494E+000   0.1514260973773922E-007   0.0000000000000000E+000   0.6197353861606644E-007   0.0000000000000000E+000
  0.3880497785144755E-007   0.6141435159373045E+000   0.1508379064488083E-007   0.0000000000000000E+000   0.6151455999175125E-007   0.0000000000000000E+000
  0.3782730875939025E-007   0.6189057312903710E+000   0.1502472494695164E-007   0.0000000000000000E+000   0.6106815937829615E-007   0.0000000000000000E+000
  0.3688031237203799E-007   0.6236421585346169E+000   0.1496539358113468E-007   0.0000000000000000E+000   0.6063382577046792E-007   0.0000000000000000E+000
  0.3626637388121208E-007   0.6267711783961146E+000   0.1492586878610806E-007   0.0000000000000000E+000   0.6035201534590100E-007   0.0000000000000000E+000
  0.3566658182372206E-007   0.6298666958774052E+000   0.1488649928031136E-007   0.0000000000000000E+000   0.6007713049479470E-007   0.0000000000000000E+000
  0.3507193106265222E-007   0.6329835862279464E+000   0.1484658152450029E-007   0.0000000000000000E+000   0.5980418890070650E-007   0.0000000000000000E+000
  0.3449611234634181E-007   0.6360489790802796E+000   0.1480704594151584E-007   0.0000000000000000E+000   0.5953943295374398E-007   0.0000000000000000E+000
  0.3392193395626761E-007   0.6391357887759954E+000   0.1476694809526307E-007   0.0000000000000000E+000   0.5927643050827903E-007   0.0000000000000000E+000
  0.3281888609374979E-007   0.6452295609441779E+000   0.1468690799039991E-007   0.0000000000000000E+000   0.5876753263455302E-007   0.0000000000000000E+000
  0.3228889201846013E-007   0.6482358407832565E+000   0.1464699145334397E-007   0.0000000000000000E+000   0.5852136342290669E-007   0.0000000000000000E+000
  0.3176036945635681E-007   0.6512636100343199E+000   0.1460649058633855E-007   0.0000000000000000E+000   0.5827660367085171E-007   0.0000000000000000E+000
  0.3124580555058989E-007   0.6542408918071884E+000   0.1456636647506551E-007   0.0000000000000000E+000   0.5803896044526990E-007   0.0000000000000000E+000
  0.3024121862626352E-007   0.6602071740508546E+000   0.1448504602305951E-007   0.0000000000000000E+000   0.5757153285990915E-007   0.0000000000000000E+000
  0.2975679654272672E-007   0.6631594782257344E+000   0.1444436209125107E-007   0.0000000000000000E+000   0.5734444594003112E-007   0.0000000000000000E+000
  0.2928186511090367E-007   0.6660798360173317E+000   0.1440382171271995E-007   0.0000000000000000E+000   0.5712247942510040E-007   0.0000000000000000E+000
  0.2881047373951799E-007   0.6690217635854676E+000   0.1436267908162762E-007   0.0000000000000000E+000   0.5690149367691737E-007   0.0000000000000000E+000
  0.2835120617518002E-007   0.6719141803553783E+000   0.1432192763913664E-007   0.0000000000000000E+000   0.5668673529046421E-007   0.0000000000000000E+000
  0.2745611593595281E-007   0.6776938632480853E+000   0.1423957881042162E-007   0.0000000000000000E+000   0.5626483200245818E-007   0.0000000000000000E+000
  0.2702005485140728E-007   0.6805802867746396E+000   0.1419799855616056E-007   0.0000000000000000E+000   0.5605762958175956E-007   0.0000000000000000E+000
  0.2659501787760756E-007   0.6834178282590165E+000   0.1415681975003150E-007   0.0000000000000000E+000   0.5585613976708265E-007   0.0000000000000000E+000
  0.2617275365683706E-007   0.6862770041668347E+000   0.1411502067548708E-007   0.0000000000000000E+000   0.5565527434472138E-007   0.0000000000000000E+000
  0.2576121049646572E-007   0.6890876107290800E+000   0.1407363215313351E-007   0.0000000000000000E+000   0.5545988667905374E-007   0.0000000000000000E+000
  0.2495802972539882E-007   0.6947046756893057E+000   0.1399003613653650E-007   0.0000000000000000E+000   0.5507533618233740E-007   0.0000000000000000E+000
  0.2456633464734538E-007   0.6975103865831120E+000   0.1394786379952168E-007   0.0000000000000000E+000   0.5488612560154687E-007   0.0000000000000000E+000
  0.2418250402633706E-007   0.7002681728637689E+000   0.1390615165398413E-007   0.0000000000000000E+000   0.5470194882651766E-007   0.0000000000000000E+000
  0.2338703638056639E-007   0.7061192393632879E+000   0.1381685581914763E-007   0.0000000000000000E+000   0.5431690476630669E-007   0.0000000000000000E+000
  0.2297630140507770E-007   0.7092175333436866E+000   0.1376918650981234E-007   0.0000000000000000E+000   0.5411604183749538E-007   0.0000000000000000E+000
  0.2262071486374779E-007   0.7119209136178121E+000   0.1372740343289663E-007   0.0000000000000000E+000   0.5394242925626730E-007   0.0000000000000000E+000
  0.2226643184639396E-007   0.7146461985507996E+000   0.1368512824979621E-007   0.0000000000000000E+000   0.5376892074686993E-007   0.0000000000000000E+000
  0.2192074599932950E-007   0.7173246897888990E+000   0.1364345773816036E-007   0.0000000000000000E+000   0.5359982868687527E-007   0.0000000000000000E+000
  0.2124341534708833E-007   0.7226799525298324E+000   0.1355991468613025E-007   0.0000000000000000E+000   0.5326586298766565E-007   0.0000000000000000E+000
  0.2091164765292987E-007   0.7253562819837713E+000   0.1351812979237128E-007   0.0000000000000000E+000   0.5310093296990155E-007   0.0000000000000000E+000
  0.2058637430442426E-007   0.7279866800339185E+000   0.1347709807595570E-007   0.0000000000000000E+000   0.5294006305320741E-007   0.0000000000000000E+000
  0.1994628566300204E-007   0.7332473226310141E+000   0.1339536032517414E-007   0.0000000000000000E+000   0.5262184409352527E-007   0.0000000000000000E+000
  0.1947912216959091E-007   0.7371671915695742E+000   0.1333496582253988E-007   0.0000000000000000E+000   0.5238763166947667E-007   0.0000000000000000E+000
  0.1901788734505376E-007   0.7410707506218260E+000   0.1327549949764839E-007   0.0000000000000000E+000   0.5215673081180656E-007   0.0000000000000000E+000
  0.1842020403206355E-007   0.7462219335066267E+000   0.1319847266833105E-007   0.0000000000000000E+000   0.5185542682058927E-007   0.0000000000000000E+000
  0.1812870603485187E-007   0.7487653104953277E+000   0.1316120632280902E-007   0.0000000000000000E+000   0.5170802448444900E-007   0.0000000000000000E+000
  0.1783573368082245E-007   0.7513324888819206E+000   0.1312420686702590E-007   0.0000000000000000E+000   0.5156012726332958E-007   0.0000000000000000E+000
  0.1754980308040414E-007   0.7538566206047452E+000   0.1308850848514105E-007   0.0000000000000000E+000   0.5141555734075107E-007   0.0000000000000000E+000
  0.1726223039321147E-007   0.7564050811687788E+000   0.1305322759786980E-007   0.0000000000000000E+000   0.5127043060731090E-007   0.0000000000000000E+000
  0.1670078402586296E-007   0.7614424685254495E+000   0.1298599930206905E-007   0.0000000000000000E+000   0.5098600104429587E-007   0.0000000000000000E+000
  0.1642626445291935E-007   0.7639319412362957E+000   0.1295411255478351E-007   0.0000000000000000E+000   0.5084661979750464E-007   0.0000000000000000E+000
  0.1601503544591309E-007   0.7676809050387269E+000   0.1290790459034955E-007   0.0000000000000000E+000   0.5063819897224936E-007   0.0000000000000000E+000
  0.1560871554281633E-007   0.7714217072577495E+000   0.1286407231348097E-007   0.0000000000000000E+000   0.5043201983693624E-007   0.0000000000000000E+000
  0.1507899354886180E-007   0.7763695088199908E+000   0.1280965182273999E-007   0.0000000000000000E+000   0.5016213014203073E-007   0.0000000000000000E+000
  0.1481988462927641E-007   0.7788174874406931E+000   0.1278421804793372E-007   0.0000000000000000E+000   0.5002982281437918E-007   0.0000000000000000E+000
  0.1455932267185833E-007   0.7812931078747043E+000   0.1275948770558902E-007   0.0000000000000000E+000   0.4989687304323969E-007   0.0000000000000000E+000
  0.1430499747898852E-007   0.7837300801618843E+000   0.1273609556065849E-007   0.0000000000000000E+000   0.4976685823153452E-007   0.0000000000000000E+000
  0.1404961479282546E-007   0.7861953732102012E+000   0.1271335434916914E-007   0.0000000000000000E+000   0.4963622523066423E-007   0.0000000000000000E+000
  0.1367566382418105E-007   0.7898471480479454E+000   0.1268125949081182E-007   0.0000000000000000E+000   0.4944442826138374E-007   0.0000000000000000E+000
  0.1330728627011372E-007   0.7934978589471793E+000   0.1265088794427979E-007   0.0000000000000000E+000   0.4925480291257128E-007   0.0000000000000000E+000
  0.1282771746703043E-007   0.7983579272392910E+000   0.1261274015838573E-007   0.0000000000000000E+000   0.4900579744551384E-007   0.0000000000000000E+000
  0.1259124360612735E-007   0.8007994792102548E+000   0.1259441383082845E-007   0.0000000000000000E+000   0.4888224454564076E-007   0.0000000000000000E+000
  0.1236069182242981E-007   0.8032045554414216E+000   0.1257680794553948E-007   0.0000000000000000E+000   0.4876157788816152E-007   0.0000000000000000E+000
  0.1212964309562344E-007   0.8056401812233187E+000   0.1255933310018710E-007   0.0000000000000000E+000   0.4864045529503395E-007   0.0000000000000000E+000
  0.1168270858582930E-007   0.8104704316468445E+000   0.1252538202060570E-007   0.0000000000000000E+000   0.4840354008845069E-007   0.0000000000000000E+000
  0.1146592584194035E-007   0.8128649719991076E+000   0.1250872378809393E-007   0.0000000000000000E+000   0.4828775410522329E-007   0.0000000000000000E+000
  0.1104047991703074E-007   0.8176812013993893E+000   0.1247506648411266E-007   0.0000000000000000E+000   0.4805829191471962E-007   0.0000000000000000E+000
  0.1083271019287203E-007   0.8201025969024522E+000   0.1245789066505453E-007   0.0000000000000000E+000   0.4794469238939223E-007   0.0000000000000000E+000
  0.1063086503760983E-007   0.8224883804978000E+000   0.1244067745687526E-007   0.0000000000000000E+000   0.4783393146924782E-007   0.0000000000000000E+000
  0.1043027720793194E-007   0.8249056042301094E+000   0.1242283252887806E-007   0.0000000000000000E+000   0.4772290899675606E-007   0.0000000000000000E+000
  0.1023558018858825E-007   0.8272871880313591E+000   0.1240473498080404E-007   0.0000000000000000E+000   0.4761471390983748E-007   0.0000000000000000E+000
  0.9857420992297923E-008   0.8320780141734394E+000   0.1236629597443092E-007   0.0000000000000000E+000   0.4740067818508804E-007   0.0000000000000000E+000
  0.9674189881699263E-008   0.8344862660247510E+000   0.1234572445109528E-007   0.0000000000000000E+000   0.4729491823681034E-007   0.0000000000000000E+000
  0.9495913329108717E-008   0.8368584430798692E+000   0.1232447775715572E-007   0.0000000000000000E+000   0.4719194567969963E-007   0.0000000000000000E+000
  0.9151922002638254E-008   0.8416287121077718E+000   0.1227827157536093E-007   0.0000000000000000E+000   0.4698849314256898E-007   0.0000000000000000E+000
  0.8986238900451676E-008   0.8440252106389148E+000   0.1225305950062515E-007   0.0000000000000000E+000   0.4688809872708883E-007   0.0000000000000000E+000
  0.8826448022435859E-008   0.8463846270301114E+000   0.1222675838001833E-007   0.0000000000000000E+000   0.4679043641005446E-007   0.0000000000000000E+000
  0.8668015938760786E-008   0.8487734019305919E+000   0.1219850352066400E-007   0.0000000000000000E+000   0.4669273976687641E-007   0.0000000000000000E+000
  0.8369667971773168E-008   0.8535049155151329E+000   0.1213719314538573E-007   0.0000000000000000E+000   0.4650266797967565E-007   0.0000000000000000E+000
  0.8228230047619984E-008   0.8558453992202388E+000   0.1210403434465409E-007   0.0000000000000000E+000   0.4641029046841446E-007   0.0000000000000000E+000
  0.7957213592915890E-008   0.8605423701911623E+000   0.1203146155120474E-007   0.0000000000000000E+000   0.4622803233329678E-007   0.0000000000000000E+000
  0.7828794205633372E-008   0.8628959652177770E+000   0.1199194345582777E-007   0.0000000000000000E+000   0.4613819319427528E-007   0.0000000000000000E+000
  0.7704998390558423E-008   0.8652087504378498E+000   0.1195103934121058E-007   0.0000000000000000E+000   0.4605081485855829E-007   0.0000000000000000E+000
  0.7525822592212097E-008   0.8686910992977808E+000   0.1188570205474108E-007   0.0000000000000000E+000   0.4592081717264733E-007   0.0000000000000000E+000
  0.7356288250491645E-008   0.8721601924743672E+000   0.1181628828790460E-007   0.0000000000000000E+000   0.4579300496878317E-007   0.0000000000000000E+000
  0.7198825453127851E-008   0.8755576348427547E+000   0.1174433470283312E-007   0.0000000000000000E+000   0.4566925551311217E-007   0.0000000000000000E+000
  0.7121105915897725E-008   0.8772739029026385E+000   0.1170659579074676E-007   0.0000000000000000E+000   0.4560720948658711E-007   0.0000000000000000E+000
  0.6971230993238419E-008   0.8806879549609465E+000   0.1162901277920677E-007   0.0000000000000000E+000   0.4548459061106826E-007   0.0000000000000000E+000
  0.6899404557046144E-008   0.8823843840638852E+000   0.1158930028098429E-007   0.0000000000000000E+000   0.4542401097777481E-007   0.0000000000000000E+000
  0.6829464936609813E-008   0.8840559978975681E+000   0.1154946458687079E-007   0.0000000000000000E+000   0.4536451421407891E-007   0.0000000000000000E+000
  0.6759862223546395E-008   0.8857383283659359E+000   0.1150871650484603E-007   0.0000000000000000E+000   0.4530481300495871E-007   0.0000000000000000E+000
  0.6626565443581479E-008   0.8890639926474563E+000   0.1142634785217481E-007   0.0000000000000000E+000   0.4518724234735645E-007   0.0000000000000000E+000
  0.6562671625498674E-008   0.8907066939754055E+000   0.1138481483519793E-007   0.0000000000000000E+000   0.4512935388186911E-007   0.0000000000000000E+000
  0.6498926120972361E-008   0.8923593695920575E+000   0.1134249158699107E-007   0.0000000000000000E+000   0.4507121695494067E-007   0.0000000000000000E+000
  0.6437145884596846E-008   0.8939869922666721E+000   0.1130030140966234E-007   0.0000000000000000E+000   0.4501404881761192E-007   0.0000000000000000E+000
  0.6375448695075958E-008   0.8956242650558587E+000   0.1125736480394890E-007   0.0000000000000000E+000   0.4495661676332922E-007   0.0000000000000000E+000
  0.6256925941200551E-008   0.8988585720215018E+000   0.1117111682167190E-007   0.0000000000000000E+000   0.4484333804114031E-007   0.0000000000000000E+000
  0.6199972605273882E-008   0.9004551043155307E+000   0.1112785459663070E-007   0.0000000000000000E+000   0.4478748317020277E-007   0.0000000000000000E+000
  0.6142904113875923E-008   0.9020606962183518E+000   0.1108389403291940E-007   0.0000000000000000E+000   0.4473133882654323E-007   0.0000000000000000E+000
  0.6069332119299615E-008   0.9041627365699427E+000   0.1102566235261624E-007   0.0000000000000000E+000   0.4465785982183343E-007   0.0000000000000000E+000
  0.5996653939950294E-008   0.9062803264053856E+000   0.1096623091656934E-007   0.0000000000000000E+000   0.4458384253443196E-007   0.0000000000000000E+000
  0.5926617794214055E-008   0.9083536527610953E+000   0.1090730382985426E-007   0.0000000000000000E+000   0.4451135662490419E-007   0.0000000000000000E+000
  0.5857164088036007E-008   0.9104419373748924E+000   0.1084722510263204E-007   0.0000000000000000E+000   0.4443830750643702E-007   0.0000000000000000E+000
  0.5790163141060770E-008   0.9124861915217035E+000   0.1078772804750769E-007   0.0000000000000000E+000   0.4436673699587528E-007   0.0000000000000000E+000
  0.5723568349757480E-008   0.9145448886066820E+000   0.1072717588591091E-007   0.0000000000000000E+000   0.4429457405121528E-007   0.0000000000000000E+000
  0.5659025114275158E-008   0.9165599142821523E+000   0.1066740206760008E-007   0.0000000000000000E+000   0.4422382884590419E-007   0.0000000000000000E+000
  0.5594697546822256E-008   0.9185890723390995E+000   0.1060691071727578E-007   0.0000000000000000E+000   0.4415243771302519E-007   0.0000000000000000E+000
  0.5563241266310970E-008   0.9195803715636988E+000   0.1057734766477176E-007   0.0000000000000000E+000   0.4411749297026690E-007   0.0000000000000000E+000
  0.5531369939029121E-008   0.9205751780719421E+000   0.1054775762650188E-007   0.0000000000000000E+000   0.4408237133228013E-007   0.0000000000000000E+000
  0.5466400237956919E-008   0.9225757468900555E+000   0.1048884960211796E-007   0.0000000000000000E+000   0.4401155214863382E-007   0.0000000000000000E+000
  0.5401029807776145E-008   0.9245349954017759E+000   0.1043252545291669E-007   0.0000000000000000E+000   0.4394190553668432E-007   0.0000000000000000E+000
  0.5367090014210169E-008   0.9255205550009249E+000   0.1040495064935827E-007   0.0000000000000000E+000   0.4390674680024994E-007   0.0000000000000000E+000
  0.5332139536368346E-008   0.9265103440529772E+000   0.1037794882415930E-007   0.0000000000000000E+000   0.4387134601817819E-007   0.0000000000000000E+000
  0.5260414925129565E-008   0.9284473573720105E+000   0.1032762333332011E-007   0.0000000000000000E+000   0.4380179147462348E-007   0.0000000000000000E+000
  0.5182273964845311E-008   0.9304038850343872E+000   0.1028065230503164E-007   0.0000000000000000E+000   0.4373117744494024E-007   0.0000000000000000E+000
  0.5142005545362675E-008   0.9313626887199670E+000   0.1025915824136731E-007   0.0000000000000000E+000   0.4369645343454865E-007   0.0000000000000000E+000
  0.5100390528858852E-008   0.9323271635660969E+000   0.1023859969132623E-007   0.0000000000000000E+000   0.4366145481785869E-007   0.0000000000000000E+000
  0.5012025299148472E-008   0.9342744735514550E+000   0.1020027041599873E-007   0.0000000000000000E+000   0.4359062436281323E-007   0.0000000000000000E+000
  0.4966709444150490E-008   0.9352306220543705E+000   0.1018289241528492E-007   0.0000000000000000E+000   0.4355579041545651E-007   0.0000000000000000E+000
  0.4920208178220610E-008   0.9361936675877280E+000   0.1016625907178876E-007   0.0000000000000000E+000   0.4352068618151500E-007   0.0000000000000000E+000
  0.4823479604279116E-008   0.9381418064708293E+000   0.1013486871165181E-007   0.0000000000000000E+000   0.4344966909285263E-007   0.0000000000000000E+000
  0.4725514403569792E-008   0.9400658684671099E+000   0.1010607997735600E-007   0.0000000000000000E+000   0.4337960989325985E-007   0.0000000000000000E+000
  0.4675436097641039E-008   0.9410400975555132E+000   0.1009205614616511E-007   0.0000000000000000E+000   0.4334419712937112E-007   0.0000000000000000E+000
  0.4624650551014363E-008   0.9420228427752061E+000   0.1007809403360220E-007   0.0000000000000000E+000   0.4330853116104745E-007   0.0000000000000000E+000
  0.4525654492498726E-008   0.9439583751855500E+000   0.1005052053742910E-007   0.0000000000000000E+000   0.4323848754193628E-007   0.0000000000000000E+000
  0.4476315564394338E-008   0.9449389862168771E+000   0.1003621129208038E-007   0.0000000000000000E+000   0.4320312204480566E-007   0.0000000000000000E+000
  0.4427157152695066E-008   0.9459284139015751E+000   0.1002129795906448E-007   0.0000000000000000E+000   0.4316752954440940E-007   0.0000000000000000E+000
  0.4379609489250458E-008   0.9468984396102027E+000   0.1000599486424764E-007   0.0000000000000000E+000   0.4313273203217655E-007   0.0000000000000000E+000
  0.4288682525738195E-008   0.9488640990234052E+000   0.9971999035130196E-008   0.0000000000000000E+000   0.4306253705541891E-007   0.0000000000000000E+000
  0.4246528830885870E-008   0.9498447646224913E+000   0.9953039526302149E-008   0.0000000000000000E+000   0.4302768570663018E-007   0.0000000000000000E+000
  0.4206015342432360E-008   0.9508330476370861E+000   0.9932196759789558E-008   0.0000000000000000E+000   0.4299268169430648E-007   0.0000000000000000E+000
  0.4167869964275782E-008   0.9518142096567944E+000   0.9909524082768186E-008   0.0000000000000000E+000   0.4295804775912807E-007   0.0000000000000000E+000
  0.4101618565167947E-008   0.9537965143450807E+000   0.9857088954093802E-008   0.0000000000000000E+000   0.4288840327056306E-007   0.0000000000000000E+000
  0.4074081436433576E-008   0.9547669460154053E+000   0.9828305886418557E-008   0.0000000000000000E+000   0.4285442947413746E-007   0.0000000000000000E+000
  0.4035614892415279E-008   0.9562309501784542E+000   0.9782300015510822E-008   0.0000000000000000E+000   0.4280320791159444E-007   0.0000000000000000E+000
  0.4017204765030198E-008   0.9569662962655072E+000   0.9758759818232890E-008   0.0000000000000000E+000   0.4277746018150133E-007   0.0000000000000000E+000
  0.4001694321735325E-008   0.9575738308693487E+000   0.9739478607536953E-008   0.0000000000000000E+000   0.4275615801923387E-007   0.0000000000000000E+000
  0.3985576148566620E-008   0.9581829915162769E+000   0.9720554598266115E-008   0.0000000000000000E+000   0.4273476056804624E-007   0.0000000000000000E+000
  0.3965330740711269E-008   0.9589036496643233E+000   0.9698941585092415E-008   0.0000000000000000E+000   0.4270939090817235E-007   0.0000000000000000E+000
  0.3943219701149954E-008   0.9596270642151060E+000   0.9678282380314656E-008   0.0000000000000000E+000   0.4268386059984755E-007   0.0000000000000000E+000
  0.3927434380572117E-008   0.9601110760128863E+000   0.9665087122488128E-008   0.0000000000000000E+000   0.4266674425369445E-007   0.0000000000000000E+000
  0.3910992117107356E-008   0.9605965904082986E+000   0.9652392021142252E-008   0.0000000000000000E+000   0.4264954802561079E-007   0.0000000000000000E+000
  0.3875356967600486E-008   0.9615724869459629E+000   0.9628535560678724E-008   0.0000000000000000E+000   0.4261491029283894E-007   0.0000000000000000E+000
  0.3836395084793594E-008   0.9625278448214167E+000   0.9607177410622134E-008   0.0000000000000000E+000   0.4258092650439725E-007   0.0000000000000000E+000
  0.3815761559460471E-008   0.9630085837891443E+000   0.9597106429838865E-008   0.0000000000000000E+000   0.4256380521914482E-007   0.0000000000000000E+000
  0.3794625459300578E-008   0.9634914773887444E+000   0.9587418190137325E-008   0.0000000000000000E+000   0.4254659673283096E-007   0.0000000000000000E+000
  0.3750150867275254E-008   0.9644640824013505E+000   0.9569108938616189E-008   0.0000000000000000E+000   0.4251191501664928E-007   0.0000000000000000E+000
  0.3702235755465828E-008   0.9654467706126898E+000   0.9552002062399144E-008   0.0000000000000000E+000   0.4247686261076304E-007   0.0000000000000000E+000
  0.3678486590945997E-008   0.9659207730981734E+000   0.9544172442840033E-008   0.0000000000000000E+000   0.4245995696861240E-007   0.0000000000000000E+000
  0.3654898903159523E-008   0.9663874249537636E+000   0.9536700139898948E-008   0.0000000000000000E+000   0.4244331703125447E-007   0.0000000000000000E+000
  0.3607599183395413E-008   0.9673067671567195E+000   0.9522578393301501E-008   0.0000000000000000E+000   0.4241055083604967E-007   0.0000000000000000E+000
  0.3533505710106203E-008   0.9687029912128979E+000   0.9502337031698399E-008   0.0000000000000000E+000   0.4236084883324282E-007   0.0000000000000000E+000
  0.3457549008936328E-008   0.9700978409459808E+000   0.9483160502132440E-008   0.0000000000000000E+000   0.4231129735807926E-007   0.0000000000000000E+000
  0.3406222322354884E-008   0.9710312721114315E+000   0.9470713524815761E-008   0.0000000000000000E+000   0.4227820702383395E-007   0.0000000000000000E+000
  0.3354083152906514E-008   0.9719771561623373E+000   0.9458278080659055E-008   0.0000000000000000E+000   0.4224473882924002E-007   0.0000000000000000E+000
  0.3301280457136226E-008   0.9729360842080024E+000   0.9445750864553897E-008   0.0000000000000000E+000   0.4221087932138968E-007   0.0000000000000000E+000
  0.3275428679718471E-008   0.9734065464312019E+000   0.9439608005019834E-008   0.0000000000000000E+000   0.4219429458863013E-007   0.0000000000000000E+000
  0.3249407315809106E-008   0.9738802883800385E+000   0.9433406369688534E-008   0.0000000000000000E+000   0.4217761292578358E-007   0.0000000000000000E+000
  0.3197212107891933E-008   0.9748348636267101E+000   0.9420808445398014E-008   0.0000000000000000E+000   0.4214405847314216E-007   0.0000000000000000E+000
  0.3144822167107131E-008   0.9758032616294842E+000   0.9407825102972488E-008   0.0000000000000000E+000   0.4211010041842978E-007   0.0000000000000000E+000
  0.3092592528151209E-008   0.9767859745239765E+000   0.9394369920708616E-008   0.0000000000000000E+000   0.4207572719797939E-007   0.0000000000000000E+000
  0.3067356858244915E-008   0.9772663290738421E+000   0.9387667835454253E-008   0.0000000000000000E+000   0.4205895773197874E-007   0.0000000000000000E+000
  0.3041962158480960E-008   0.9777501846985350E+000   0.9380816358548576E-008   0.0000000000000000E+000   0.4204208786246428E-007   0.0000000000000000E+000
  0.2991703337550406E-008   0.9787286682396383E+000   0.9366605490443095E-008   0.0000000000000000E+000   0.4200804011074526E-007   0.0000000000000000E+000
  0.2966855081865662E-008   0.9792232793462570E+000   0.9359225257255373E-008   0.0000000000000000E+000   0.4199086388042219E-007   0.0000000000000000E+000
  0.2942042708427372E-008   0.9797215542784929E+000   0.9351641926330826E-008   0.0000000000000000E+000   0.4197358397214055E-007   0.0000000000000000E+000
  0.2917399421873085E-008   0.9802208290135072E+000   0.9343877545881159E-008   0.0000000000000000E+000   0.4195629332579975E-007   0.0000000000000000E+000
  0.2869279600910384E-008   0.9812193403537126E+000   0.9327791592910146E-008   0.0000000000000000E+000   0.4192178584227756E-007   0.0000000000000000E+000
  0.2824206761221193E-008   0.9822208525377152E+000   0.9310827229121351E-008   0.0000000000000000E+000   0.4188727036976923E-007   0.0000000000000000E+000
  0.2802206570895588E-008   0.9827267247666587E+000   0.9301908721368218E-008   0.0000000000000000E+000   0.4186987224662430E-007   0.0000000000000000E+000
  0.2780943595958505E-008   0.9832246182082994E+000   0.9292875739885284E-008   0.0000000000000000E+000   0.4185277223080703E-007   0.0000000000000000E+000
  0.2760279581764043E-008   0.9837257697808398E+000   0.9283505593820662E-008   0.0000000000000000E+000   0.4183558408694324E-007   0.0000000000000000E+000
  0.2740298282304828E-008   0.9842301112935795E+000   0.9273770792941131E-008   0.0000000000000000E+000   0.4181831046630570E-007   0.0000000000000000E+000
  0.2721134616444829E-008   0.9847375498163541E+000   0.9263640133641150E-008   0.0000000000000000E+000   0.4180095483140417E-007   0.0000000000000000E+000
  0.2703346895792262E-008   0.9852365607073622E+000   0.9253318203648815E-008   0.0000000000000000E+000   0.4178391073954661E-007   0.0000000000000000E+000
  0.2686437460874236E-008   0.9857339850276722E+000   0.9242639333017074E-008   0.0000000000000000E+000   0.4176694376179553E-007   0.0000000000000000E+000
  0.2663346986067926E-008   0.9864849008761090E+000   0.9225688702900750E-008   0.0000000000000000E+000   0.4174137341781341E-007   0.0000000000000000E+000
  0.2644502078579227E-008   0.9872364631216070E+000   0.9207556434068808E-008   0.0000000000000000E+000   0.4171583188055662E-007   0.0000000000000000E+000
  0.2629990593292458E-008   0.9879895604858275E+000   0.9187956674966239E-008   0.0000000000000000E+000   0.4169028754257410E-007   0.0000000000000000E+000
  0.2624378567182526E-008   0.9887399274294398E+000   0.9166596745897576E-008   0.0000000000000000E+000   0.4166488182095941E-007   0.0000000000000000E+000
  0.2625498321588354E-008   0.9892234164314501E+000   0.9151560402443538E-008   0.0000000000000000E+000   0.4164853451325165E-007   0.0000000000000000E+000
  0.2627838250467307E-008   0.9894647532134704E+000   0.9143584422902000E-008   0.0000000000000000E+000   0.4164038102492548E-007   0.0000000000000000E+000
  0.2630609777132817E-008   0.9897057347311360E+000   0.9135253481190904E-008   0.0000000000000000E+000   0.4163224391804102E-007   0.0000000000000000E+000
  0.2643188761451105E-008   0.9901810537405751E+000   0.9117497224189815E-008   0.0000000000000000E+000   0.4161620672495151E-007   0.0000000000000000E+000
  0.2653756484850077E-008   0.9904173168905462E+000   0.9107825421620566E-008   0.0000000000000000E+000   0.4160824092899867E-007   0.0000000000000000E+000
  0.2665588259372786E-008   0.9906524624564045E+000   0.9097481835508708E-008   0.0000000000000000E+000   0.4160031676758796E-007   0.0000000000000000E+000
  0.2706093913153377E-008   0.9911187219650808E+000   0.9074004057564637E-008   0.0000000000000000E+000   0.4158461665034161E-007   0.0000000000000000E+000
  0.2739198323108298E-008   0.9913451871452816E+000   0.9060331481256141E-008   0.0000000000000000E+000   0.4157699676143241E-007   0.0000000000000000E+000
  0.2758942468916073E-008   0.9914572660579912E+000   0.9052729774027243E-008   0.0000000000000000E+000   0.4157322730465055E-007   0.0000000000000000E+000
  0.2781027024280790E-008   0.9915684708041985E+000   0.9044476541588478E-008   0.0000000000000000E+000   0.4156948875005457E-007   0.0000000000000000E+000
  0.2838828893117940E-008   0.9917878746038159E+000   0.9025362551699971E-008   0.0000000000000000E+000   0.4156211866960254E-007   0.0000000000000000E+000
  0.2936423559942443E-008   0.9920015624968486E+000   0.9000736409766309E-008   0.0000000000000000E+000   0.4155495263469915E-007   0.0000000000000000E+000
  0.3002390767119595E-008   0.9921036860523180E+000   0.8986023167228482E-008   0.0000000000000000E+000   0.4155153508447209E-007   0.0000000000000000E+000
  0.3077689945737999E-008   0.9922034095752671E+000   0.8970329382492166E-008   0.0000000000000000E+000   0.4154820471005713E-007   0.0000000000000000E+000
  0.3135477923016752E-008   0.9922781448333396E+000   0.8959029108506314E-008   0.0000000000000000E+000   0.4154571417621209E-007   0.0000000000000000E+000
  0.3185362586538040E-008   0.9923515773096326E+000   0.8949664931698838E-008   0.0000000000000000E+000   0.4154327163752687E-007   0.0000000000000000E+000
  0.3224583396631681E-008   0.9924239827833545E+000   0.8942456884197661E-008   0.0000000000000000E+000   0.4154086738699962E-007   0.0000000000000000E+000
  0.3253681143817275E-008   0.9924956149869447E+000   0.8937021089426495E-008   0.0000000000000000E+000   0.4153849242202449E-007   0.0000000000000000E+000
  0.3265279748717638E-008   0.9925306919627856E+000   0.8934856257707345E-008   0.0000000000000000E+000   0.4153733063876995E-007   0.0000000000000000E+000
  0.3275573825720220E-008   0.9925656482388580E+000   0.8932967254140998E-008   0.0000000000000000E+000   0.4153617358379866E-007   0.0000000000000000E+000
  0.3284453624500743E-008   0.9926005001499092E+000   0.8931317802322028E-008   0.0000000000000000E+000   0.4153502067881952E-007   0.0000000000000000E+000
  0.3292201331881887E-008   0.9926352621429728E+000   0.8929879346877676E-008   0.0000000000000000E+000   0.4153387141357940E-007   0.0000000000000000E+000
  0.3302647984127058E-008   0.9926926403579939E+000   0.8927900496028498E-008   0.0000000000000000E+000   0.4153197582730715E-007   0.0000000000000000E+000
  0.3310229492314305E-008   0.9927498578061682E+000   0.8926355138967644E-008   0.0000000000000000E+000   0.4153008720957439E-007   0.0000000000000000E+000
  0.3315516121748117E-008   0.9928069581057671E+000   0.8925180076086053E-008   0.0000000000000000E+000   0.4152820404395202E-007   0.0000000000000000E+000
  0.3318688515260199E-008   0.9928639791240623E+000   0.8924324672721167E-008   0.0000000000000000E+000   0.4152632502516333E-007   0.0000000000000000E+000
  0.3319922273615518E-008   0.9929091011368840E+000   0.8923847207530914E-008   0.0000000000000000E+000   0.4152483917656522E-007   0.0000000000000000E+000
  0.3320049819046705E-008   0.9929542093902627E+000   0.8923527667483298E-008   0.0000000000000000E+000   0.4152335470560470E-007   0.0000000000000000E+000
  0.3319338970258937E-008   0.9929993175938292E+000   0.8923351295492729E-008   0.0000000000000000E+000   0.4152187114990120E-007   0.0000000000000000E+000
  0.3317703047253295E-008   0.9930444383952269E+000   0.8923305036315478E-008   0.0000000000000000E+000   0.4152038808523933E-007   0.0000000000000000E+000
  0.3313764230438886E-008   0.9931121651942340E+000   0.8923455023709208E-008   0.0000000000000000E+000   0.4151816368136038E-007   0.0000000000000000E+000
  0.3308061687452041E-008   0.9931799825806034E+000   0.8923840879955964E-008   0.0000000000000000E+000   0.4151593833121433E-007   0.0000000000000000E+000
  0.3300861073132921E-008   0.9932479233257605E+000   0.8924436191089751E-008   0.0000000000000000E+000   0.4151371097119745E-007   0.0000000000000000E+000
  0.3292360333423064E-008   0.9933160173327810E+000   0.8925217701155034E-008   0.0000000000000000E+000   0.4151148063874897E-007   0.0000000000000000E+000
  0.3279143461097927E-008   0.9934070908719937E+000   0.8926516086246121E-008   0.0000000000000000E+000   0.4150850086989202E-007   0.0000000000000000E+000
  0.3263911125611830E-008   0.9934985451796229E+000   0.8928074036285091E-008   0.0000000000000000E+000   0.4150551239644231E-007   0.0000000000000000E+000
  0.3247299299287116E-008   0.9935886836565703E+000   0.8929824431901688E-008   0.0000000000000000E+000   0.4150257064518658E-007   0.0000000000000000E+000
  0.3229300595301300E-008   0.9936792887001009E+000   0.8931767858245030E-008   0.0000000000000000E+000   0.4149961743620186E-007   0.0000000000000000E+000
  0.3200079151135453E-008   0.9938154613028254E+000   0.8934978519328620E-008   0.0000000000000000E+000   0.4149518618989163E-007   0.0000000000000000E+000
  0.3168366632306317E-008   0.9939529040512293E+000   0.8938507116818522E-008   0.0000000000000000E+000   0.4149072253635146E-007   0.0000000000000000E+000
  0.3124154725864491E-008   0.9941343885441791E+000   0.8943501315810767E-008   0.0000000000000000E+000   0.4148484257060629E-007   0.0000000000000000E+000
  0.3053625109615321E-008   0.9944085321812866E+000   0.8951545826526707E-008   0.0000000000000000E+000   0.4147599147345632E-007   0.0000000000000000E+000
  0.3004086732405397E-008   0.9945949028554295E+000   0.8957245974263234E-008   0.0000000000000000E+000   0.4146999604214709E-007   0.0000000000000000E+000
  0.2966313827783266E-008   0.9947354658277269E+000   0.8961626341915020E-008   0.0000000000000000E+000   0.4146548612832874E-007   0.0000000000000000E+000
  0.2902931458542351E-008   0.9949696781338451E+000   0.8969028451685921E-008   0.0000000000000000E+000   0.4145799466013252E-007   0.0000000000000000E+000
  0.2851014326264043E-008   0.9951607517320090E+000   0.8975135345195472E-008   0.0000000000000000E+000   0.4145190484639260E-007   0.0000000000000000E+000
  0.2786967641656645E-008   0.9953962715393919E+000   0.8982724159731564E-008   0.0000000000000000E+000   0.4144442607470273E-007   0.0000000000000000E+000
  0.2722823590052605E-008   0.9956328869787968E+000   0.8990409756792864E-008   0.0000000000000000E+000   0.4143694395178962E-007   0.0000000000000000E+000
  0.2664507484028630E-008   0.9958465153905959E+000   0.8997399500357742E-008   0.0000000000000000E+000   0.4143021657109974E-007   0.0000000000000000E+000
  0.2632118731951488E-008   0.9959653602449990E+000   0.9001300047053192E-008   0.0000000000000000E+000   0.4142648579093478E-007   0.0000000000000000E+000
  0.2593047319436733E-008   0.9961099476189309E+000   0.9006046593637419E-008   0.0000000000000000E+000   0.4142195847126893E-007   0.0000000000000000E+000
  0.2514726706044747E-008   0.9964017302141636E+000   0.9015652080991442E-008   0.0000000000000000E+000   0.4141286183758359E-007   0.0000000000000000E+000
  0.2482088182702862E-008   0.9965225990409982E+000   0.9019662842517743E-008   0.0000000000000000E+000   0.4140910962102604E-007   0.0000000000000000E+000
  0.2402227196725977E-008   0.9968153305976919E+000   0.9029460903191915E-008   0.0000000000000000E+000   0.4140006266937729E-007   0.0000000000000000E+000
  0.2369297680482162E-008   0.9969377744913811E+000   0.9033626855078240E-008   0.0000000000000000E+000   0.4139629601681469E-007   0.0000000000000000E+000
  0.2327903569880212E-008   0.9970868968487484E+000   0.9038852384742123E-008   0.0000000000000000E+000   0.4139172306131875E-007   0.0000000000000000E+000
  0.2266028662787044E-008   0.9972893055484463E+000   0.9046174730014523E-008   0.0000000000000000E+000   0.4138554256497644E-007   0.0000000000000000E+000
  0.2207187161506256E-008   0.9974834359229521E+000   0.9053215760102104E-008   0.0000000000000000E+000   0.4137964483961928E-007   0.0000000000000000E+000
  0.2151802918746380E-008   0.9976817755696166E+000   0.9060310326697661E-008   0.0000000000000000E+000   0.4137365019338760E-007   0.0000000000000000E+000
  0.2114860656753193E-008   0.9978161624854666E+000   0.9065076449959547E-008   0.0000000000000000E+000   0.4136960659772184E-007   0.0000000000000000E+000
  0.2061352143069306E-008   0.9980064994786185E+000   0.9071871705278146E-008   0.0000000000000000E+000   0.4136390547305925E-007   0.0000000000000000E+000
  0.2004652471644909E-008   0.9982002982327366E+000   0.9078890638605597E-008   0.0000000000000000E+000   0.4135813320240206E-007   0.0000000000000000E+000
  0.1969815915307489E-008   0.9983194437304626E+000   0.9083227847209814E-008   0.0000000000000000E+000   0.4135460135387278E-007   0.0000000000000000E+000
  0.1923399824930173E-008   0.9984797406846863E+000   0.9089056708171831E-008   0.0000000000000000E+000   0.4134987050718733E-007   0.0000000000000000E+000
  0.1900000903853104E-008   0.9985606249294486E+000   0.9092004045048414E-008   0.0000000000000000E+000   0.4134749265496785E-007   0.0000000000000000E+000
  0.1857000896868132E-008   0.9987086016510658E+000   0.9097437956157369E-008   0.0000000000000000E+000   0.4134315891137980E-007   0.0000000000000000E+000
  0.1789149021751110E-008   0.9989257860458188E+000   0.9105455660073576E-008   0.0000000000000000E+000   0.4133683833019466E-007   0.0000000000000000E+000
  0.1745081811322620E-008   0.9990690684842072E+000   0.9110695461871813E-008   0.0000000000000000E+000   0.4133269545246967E-007   0.0000000000000000E+000
  0.1698137464993288E-008   0.9992292174221917E+000   0.9116451535958137E-008   0.0000000000000000E+000   0.4132809095266620E-007   0.0000000000000000E+000
  0.1664708844330048E-008   0.9993458988981901E+000   0.9120568289612450E-008   0.0000000000000000E+000   0.4132475390952131E-007   0.0000000000000000E+000
  0.1598418227069038E-008   0.9995836428502358E+000   0.9128785267525071E-008   0.0000000000000000E+000   0.4131800212185278E-007   0.0000000000000000E+000
  0.1549575382896812E-008   0.9997622023684304E+000   0.9134813143472019E-008   0.0000000000000000E+000   0.4131297445415905E-007   0.0000000000000000E+000
  0.1527179098496870E-008   0.9998412826180728E+000   0.9137438770846630E-008   0.0000000000000000E+000   0.4131076003870438E-007   0.0000000000000000E+000
  0.1505120078411225E-008   0.9999209320008787E+000   0.9140051059920179E-008   0.0000000000000000E+000   0.4130853742755293E-007   0.0000000000000000E+000
  0.1494826531304923E-008   0.9999598679220852E+000   0.9141315472280122E-008   0.0000000000000000E+000   0.4130745378021746E-007   0.0000000000000000E+000
  0.1490509666068574E-008   0.9999761824564259E+000   0.9141842854401822E-008   0.0000000000000000E+000   0.4130700028332710E-007   0.0000000000000000E+000
  0.1487767380717136E-008   0.9999865597650344E+000   0.9142177604380446E-008   0.0000000000000000E+000   0.4130671199752159E-007   0.0000000000000000E+000
  0.1486284691392285E-008   0.9999921748311382E+000   0.9142358508398997E-008   0.0000000000000000E+000   0.4130655606503984E-007   0.0000000000000000E+000
  0.1485424801768269E-008   0.9999954327143421E+000   0.9142463396509489E-008   0.0000000000000000E+000   0.4130646561055492E-007   0.0000000000000000E+000
  0.1484889763872494E-008   0.9999974603416346E+000   0.9142528649156113E-008   0.0000000000000000E+000   0.4130640932061523E-007   0.0000000000000000E+000
  0.1484600573947943E-008   0.9999985564471255E+000   0.9142563915087880E-008   0.0000000000000000E+000   0.4130637889325350E-007   0.0000000000000000E+000
  0.1484443844178648E-008   0.9999991505432837E+000   0.9142583026897264E-008   0.0000000000000000E+000   0.4130636240206078E-007   0.0000000000000000E+000
  0.1484343677825697E-008   0.9999995302494791E+000   0.9142595240937578E-008   0.0000000000000000E+000   0.4130635186223510E-007   0.0000000000000000E+000
  0.1484285837617516E-008   0.9999997495138929E+000   0.9142602293699910E-008   0.0000000000000000E+000   0.4130634577601008E-007   0.0000000000000000E+000
  0.1484258667745900E-008   0.9999998525128364E+000   0.9142605606634230E-008   0.0000000000000000E+000   0.4130634291704103E-007   0.0000000000000000E+000
  0.1484243625219834E-008   0.9999999095383748E+000   0.9142607440822634E-008   0.0000000000000000E+000   0.4130634133417375E-007   0.0000000000000000E+000
  0.1484233829645450E-008   0.9999999466731261E+000   0.9142608635228271E-008   0.0000000000000000E+000   0.4130634030342052E-007   0.0000000000000000E+000
  0.1484227938217385E-008   0.9999999690074303E+000   0.9142609353587853E-008   0.0000000000000000E+000   0.4130633968348571E-007   0.0000000000000000E+000
  0.1484224466930183E-008   0.9999999821670438E+000   0.9142609776851659E-008   0.0000000000000000E+000   0.4130633931821370E-007   0.0000000000000000E+000
  0.1484221695737119E-008   0.9999999926726241E+000   0.9142610114750908E-008   0.0000000000000000E+000   0.4130633902660999E-007   0.0000000000000000E+000
  0.1484220512770001E-008   0.9999999971572464E+000   0.9142610258993108E-008   0.0000000000000000E+000   0.4130633890213022E-007   0.0000000000000000E+000
  0.1484220002239287E-008   0.9999999990926653E+000   0.9142610321243347E-008   0.0000000000000000E+000   0.4130633884840876E-007   0.0000000000000000E+000
  0.1484219852909606E-008   0.9999999996587726E+000   0.9142610339451461E-008   0.0000000000000000E+000   0.4130633883269531E-007   0.0000000000000000E+000
  0.1484219793766881E-008   0.9999999998829843E+000   0.9142610346663126E-008   0.0000000000000000E+000   0.4130633882647187E-007   0.0000000000000000E+000
  0.1484219772919649E-008   0.9999999999620144E+000   0.9142610349205080E-008   0.0000000000000000E+000   0.4130633882427824E-007   0.0000000000000000E+000
  0.1484219765668438E-008   0.9999999999895089E+000   0.9142610350089423E-008   0.0000000000000000E+000   0.4130633882351507E-007   0.0000000000000000E+000
