                                                                                                                                                                                                                                                                
                        1                         2
               freq_frame                freq_units
INERTIAL                  NONE                     
                        1                         2                         3                         4                         5                         6                         7                         8                         9                        10                        11                        12                        13                        14                        15                        16                        17                        18
                        E                    E_norm                         H                    L_star                    M_star             Omega_rot_ref                    R_star                         W                       eta                  Re(freq)                  Im(freq)                         l                         m                       n_g                       n_p                      n_pg                 Re(omega)                 Im(omega)
  0.1000000000000000E+001   0.2336949629726658E-001   0.4749864176848652E+001   0.3321998882471230E+039   0.3496502123213184E+035   0.0000000000000000E+000   0.5361131162838573E+014   0.3322344844778077E+000   0.5247981805518670E+000   0.3082162934320200E+001   0.1722619963544270E-001                         0                         0                         0                         2                         2   0.3082162934320200E+001   0.1722619963544270E-001
  0.9999999999999998E+000   0.1205259971613848E-001   0.1194136124103940E+002   0.3321998882471230E+039   0.3496502123213184E+035   0.0000000000000000E+000   0.5361131162838573E+014   0.1318357639125564E+001   0.7365877650550248E+000   0.4886995240644173E+001   0.4319765918500765E-001                         0                         0                         0                         3                         3   0.4886995240644173E+001   0.4319765918500765E-001
  0.1000000000000000E+001   0.1067735827930289E-001   0.2122852981514750E+002   0.3321998882471230E+039   0.3496502123213184E+035   0.0000000000000000E+000   0.5361131162838573E+014   0.2526284675890643E+001   0.7865263733141807E+000   0.6515908196889748E+001   0.6217859220110829E-001                         0                         0                         0                         4                         4   0.6515908196889748E+001   0.6217859220110829E-001
  0.9999999999999998E+000   0.1069210547930027E-001   0.3524668441344404E+002   0.3321998882471230E+039   0.3496502123213184E+035   0.0000000000000000E+000   0.5361131162838573E+014   0.4189323246698341E+001   0.7540757298753477E+000   0.8396032921975003E+001   0.8015752545532982E-001                         0                         0                         0                         5                         5   0.8396032921975003E+001   0.8015752545532982E-001
